0 0
1 0
2 1
3 0
4 0
5 1
6 1
7 2
8 2
9 3
10 3
11 3
12 4
13 4
14 4
15 5
16 6
17 6
18 7
19 7
20 7
21 8
22 8
23 8
24 9
25 9
26 9
27 10
28 10
29 10
30 11
31 11
32 11
33 11
34 12
35 11
36 12
37 13
38 13
39 13
40 13
41 14
42 14
43 15
44 14
45 15
46 15
47 15
48 16
49 15
50 15
51 15
52 15
53 16
54 15
55 16
56 16
57 16
58 16
59 16
60 16
61 16
62 16
63 16
64 16
65 16
66 16
67 16
68 16
69 17
70 16
71 17
72 16
73 17
74 17
75 17
76 17
77 17
78 17
79 17
80 17
81 17
82 17
83 18
84 18
85 17
86 18
87 18
88 18
89 18
90 18
91 18
92 18
93 19
94 19
95 19
96 18
97 19
98 20
99 19
100 20
101 20
102 20
103 20
104 20
105 21
106 20
107 20
108 21
109 20
110 20
111 20
112 20
113 21
114 20
115 21
116 22
117 21
118 21
119 22
120 22
121 22
122 22
123 22
124 22
125 22
126 22
127 22
128 22
129 22
130 22
131 22
132 22
133 22
134 22
135 22
136 23
137 22
138 22
139 22
140 23
141 23
142 23
143 23
144 23
145 23
