0 1.06
1 1.12
2 1.08
3 1.08
4 1.1
5 1.1
6 1.12
7 1.12
8 1.14
9 1.14
10 1.14
11 1.16
12 1.16
13 1.16
14 1.18
15 1.2
16 1.2
17 1.22
18 1.22
19 1.22
20 1.24
21 1.24
22 1.24
23 1.28
24 1.28
25 1.28
26 1.3
27 1.3
28 1.3
29 1.32
30 1.32
31 1.32
32 1.32
33 1.36
34 1.34
35 1.38
36 1.4
37 1.4
38 1.4
39 1.4
40 1.42
41 1.42
42 1.44
43 1.42
44 1.44
45 1.44
46 1.44
47 1.46
48 1.44
49 1.44
50 1.44
51 1.44
52 1.46
53 1.44
54 1.46
55 1.46
56 1.46
57 1.46
58 1.46
59 1.46
60 1.46
61 1.46
62 1.46
63 1.46
64 1.46
65 1.46
66 1.46
67 1.46
68 1.48
69 1.46
70 1.48
71 1.46
72 1.48
73 1.48
74 1.48
75 1.48
76 1.48
77 1.48
78 1.48
79 1.48
80 1.48
81 1.48
82 1.5
83 1.5
84 1.48
85 1.5
86 1.5
87 1.5
88 1.5
89 1.5
90 1.5
91 1.5
92 1.52
93 1.52
94 1.52
95 1.5
96 1.54
97 1.56
98 1.54
99 1.56
100 1.56
101 1.56
102 1.56
103 1.56
104 1.58
105 1.56
106 1.56
107 1.6
108 1.56
109 1.56
110 1.56
111 1.56
112 1.62
113 1.6
114 1.62
115 1.64
116 1.62
117 1.62
118 1.64
119 1.64
120 1.64
121 1.64
122 1.64
123 1.64
124 1.64
125 1.64
126 1.64
127 1.64
128 1.64
129 1.64
130 1.64
131 1.64
132 1.64
133 1.64
134 1.64
135 1.66
136 1.64
137 1.64
138 1.64
139 1.66
140 1.66
141 1.66
142 1.66
143 1.66
144 1.66
