0 4 -0.25 -2 1 -0.5 -1 0 0 -1 -1 0 0 1 -1 -1 -1 -1 2 -1 -0 0 0 0 0 0 -1.5 -0.333333 1 -2 0.5 -3 -1 0 0 -2 -0.5 2 0.5 -1 -2 -0.5 -1 1 0 0 -1 -1 -1 -0 0 0 -0.5 -1 0 0 -1 0 0 0 -0.5 1 0 0 -1 0 0 -1 0 0 -1 -1 -2 0 0 -0 0 -1 -0 0 -1 -1 -1 -0 0 -2 -1 0 0 -2 -1 0 0 0 -1 1 -1 2 0 0 -0 0 -1 -0 0 0 0 0 -2 -0.5 -0 0 0 0.5 -1 -0 0 -1 -1 2 0 0 -1 0 0 -1 -1 -0 0 0 0 0 0 -2 -0 0 1 -1 -2 -1 -1 -1 -0.5 0 
-1.16667 -0.285714 -1 1 -0.5 -0 0 -0.5 3 -0.333333 -0 0 -0.333333 -0 0 0 0 0 1 -1 1 -2 0 0 0 0 -0.666667 -0.5 1 1 -2 -0 0 -0.666667 -0 0 0.25 0 0 -0.5 2 0.5 -2 -0 0 -1 -1 0 0 0 0 0 0 0 -1 0 0 0 0 0 -1 -1 1 -1 1 -1 -0 0 0 0 -0 0 -1 -1 -0.5 -0 0 0 -2 -1 0 0 -1 -0 0 -0.5 2 0 0 -0 0 -1 -1 0 0 -0.5 -1 -1 2 -0.5 -1 1 -1 -3 -0.333333 1 -1 -1 -1 -1 -0 0 -0.25 -0 0 -2 -0 0 0 -0.333333 -1 0 0 1 -1 0 0 -2 -1 -1 -1 0 0 -1 0 0 0 -0.5 -1 -2 -0.5 -2 -1 -0 
0 0 1 -1 -2 0.5 -2 -1.5 0.333333 0 0 -1 0 0 0 0 0 2 -1 -1 -0.5 -2 0 0 0 -1 -1 0.5 0 0 -2 -0.5 -1 -1 -2 -1.5 -0.666667 1 0.5 2 -1.5 -0 0 0 0 -1 2 -1.5 -0.666667 -0.5 -1 0 0 0 -1 -1 -1 1 -2 -0.5 -1 0 0 0 0 -1 0 0 0 -2 -1 -0.5 -1 -2 -1 -1 0 0 0 -0 0 0 0 0 -2 -1.5 -0.666667 0.5 0 0 -0 0 -1 -1 -1 1 1 -1 -2 0 0 -1 -0.5 -0 0 1 2 -1 0.5 -0 0 0 0 -1 4 -0.5 -0 0 1 -2 -0 0 1 0 0 -0 0 0 0 -1 1 -2 -1 0 0 -1 -0.5 -0 0 0 -1 0 0 0 
-0.142857 -2 0 0 0 -2 -0.25 -0 0 -1 -1 0 0 0 0 -1 -1 -1 -1.5 -0.333333 -2 -0.5 -1 1 -3 -1 0 0 -2 0.5 1 -1 -0 0 -2 -2 0.25 1 -3 -0.333333 2 -0.5 -1 -1 -0 0 0 0 0 -0.5 -0 0 -1 -0 0 -1 -1 0 0 -1 0 0 1 -2 -0.5 1 -1 0 0 -1 0 0 1 0 0 -0 0 -1 -1 0 0 0 -1.5 -0.666667 -0 0 0 0 0 0 0 -0 0 -1 -0 0 0 -0.25 -0 0 0 0 0 -2 -0 0 -1 -0 0 0 0 -4 -0.5 -0.5 0 0 0 0 -2 -0.5 -1 -0 0 -0.5 -0 0 -0 0 0 0 0 -2 0 0 0 -3 -0 0 0 2 -1 -1 -1 -0 
-0.5 -1 -1 -1 -2 0 0 1 2 0 0 -1 -1 -3 -0.666667 -1.5 -0.666667 0.5 -1 2 0.5 1 2 -1 0.5 -2 0.5 1 1 -2 0.5 -2 0.5 0 0 -1 2 0.5 0 0 -1 -1 -0 0 0 0 0 0 -1 -0 0 1 -1 1 -2 0 0 1 -1 1 0 0 0 -0.5 0 0 0 0 -1 -2 -1 -0.5 0 0 0 -1 -1 0 0 -0 0 0 0 0 0 -1 0 0 -0 0 0 1 -1 1 -0 0 1 -1 -4 -0.5 -0 0 0 -0.5 -0 0 -0 0 0 0 0 0 2 0 0 0 0 -0.5 -0 0 -0.5 1 -1 -1 -1 -1 -2 0 0 -0.5 1 -2 -0 0 -1 -1 -1 -2 -0.5 1 -3 0 0 -0 
0.333333 0 0 0 0.5 2 -1 -0.5 0 0 1 1 -1 -1 -1 -3 -0.333333 -2 -1 -0.5 0 0 -0.5 -1 2 -0.5 -1 -1 -0 0 -0.666667 -1 -0.5 1 -1 3 -0.666667 -1 -0.5 -2 0.5 0 0 1 0 0 0 -0 0 0 0 0 -1 0 0 0 -1 0 0 -1 0 0 0 0 0 -0 0 1 -2 -0.5 0 0 0 0 0 -0 0 0 0 0 0 0 0 0 0 0 0 0 -1 -0.5 -0 0 -1 -0 0 0 -0.333333 1 -0 0 0 0 0 0 0 -0 0 0 0 0 0 0 0 0 0 0 0 0 0 0 0 -2 -0.5 -0 0 0 0 0 0 0 0 0 0 -0.5 -1 -2 0 0 -1 -0.5 -0 0 0 0 
-1.75 -0.285714 1 -1.5 0 0 -0.5 -0 0 0 0 0 0 0 0 -1 -1 0 0 0 0 0 0 0 0 0 -0.666667 -0.5 0 0 0 -1 -4 -0.25 -0 0 -0.333333 1 -0 0 0 1 0 0 0 0 -1 0 0 0 -2 0 0 0 0 0 0 -0 0 1 0 0 -0.5 0 0 0 0 0 -1 0 0 0 -2 -0 0 -1 -0 0 0 0 0 0 0 -0 0 0 0 0 0 0 0 0 0 0 0 0 -1 -0.5 1 2 -1.5 -0.333333 0 0 0 0 0 0 0 0 0 0 0 0 0 0 0 -0 0 0 0 -0.333333 -1 0 0 0 0 0 0 0 0 0 0 0 -0 0 0 0 0 0 0 0 0 0 
2 -4.5 0 0 0 -1 2 0.5 -1 -0 0 -0.5 -0 0 0 0 0 0 0 0 -0.333333 -0 0 0 0 0 0 0 0 0 0 0 0 0 0 -1 -0 0 0 0 0 0 0 0 0 0 0 0 0 0 0 0 0 0 0 0 0 0 0 1 -0 0 0 0 0 0 0 0 0 0 0 0 0 0 0 0 0 0 0 0 0 0 0 0 0 0 0 0 0 0 0 0 0 -0 0 0 0 0 0 0 0 -0.5 -0 0 0 0 0 0 0 0 0 0 0 0 0 0 0 0 0 0 0 0 -1 -0 0 0 0 0 0 0 0 0 0 0 0 -0 0 0 0 0 0 0 0 0 
0 -0.555556 -0.4 -0.5 -0 0 0 0.5 1 0 0 0 0 0 0 0 0 0 0 -0 0 0 0 0 0 0 0 0 0 0 0 0 0 -0.666667 -0 0 0 0 0 0 0 0 0 0 0 0 0 0 0 0 0 0 0 0 0 0 0 0 0 0 0 0 0 0 0 0 0 0 0 0 0 0 0 0 0 0 0 0 0 0 -0 0 0 0 0 0 0 0 0 0 0 0 0 0 0 0 0 0 0 0 0 0 0 0 0 0 0 0 0 0 0 0 0 0 0 0 0 0 0 0 0 0 0 0 0 0 0 0 0 0 0 0 0 0 0 0 0 0 0 0 0 -0 0 0 
-0 0 0 0 0 0 0 0 0 0 0 0 0 0 0 0 0 0 0 0 0 0 0 0 0 0 0 0 0 0 0 0 0 0 0 0 0 0 0 0 0 0 0 0 0 0 0 0 0 0 0 0 0 0 0 0 0 0 0 0 0 0 0 0 0 0 0 0 0 0 0 0 0 0 0 0 0 0 0 0 0 0 0 0 0 0 0 0 0 0 0 0 0 0 0 0 0 0 0 0 0 0 0 0 0 0 0 0 0 0 0 0 0 0 0 0 0 0 0 0 0 0 0 0 0 0 0 0 0 0 0 0 0 0 0 0 0 0 0 0 0 0 0 0 
