0 1
1 2
2 0.666667
3 1
4 1.25
5 1
6 1.2
7 1
8 1.16667
9 1
10 1
11 1.14286
12 1
13 1
14 1.125
15 1.11111
16 1
17 1.1
18 1
19 1
20 1.09091
21 1
22 1
23 1.16667
24 1
25 1
26 1.07143
27 1
28 1
29 1.06667
30 1
31 1
32 1
33 1.125
34 0.944444
35 1.11765
36 1.05263
37 1
38 1
39 1
40 1.05
41 1
42 1.04762
43 0.954545
44 1.04762
45 1
46 1
47 1.04545
48 0.956522
49 1
50 1
51 1
52 1.04545
53 0.956522
54 1.04545
55 1
56 1
57 1
58 1
59 1
60 1
61 1
62 1
63 1
64 1
65 1
66 1
67 1
68 1.04348
69 0.958333
70 1.04348
71 0.958333
72 1.04348
73 1
74 1
75 1
76 1
77 1
78 1
79 1
80 1
81 1
82 1.04167
83 1
84 0.96
85 1.04167
86 1
87 1
88 1
89 1
90 1
91 1
92 1.04
93 1
94 1
95 0.961538
96 1.08
97 1.03704
98 0.964286
99 1.03704
100 1
101 1
102 1
103 1
104 1.03571
105 0.965517
106 1
107 1.07143
108 0.933333
109 1
110 1
111 1
112 1.10714
113 0.967742
114 1.03333
115 1.03226
116 0.96875
117 1
118 1.03226
119 1
120 1
121 1
122 1
123 1
124 1
125 1
126 1
127 1
128 1
129 1
130 1
131 1
132 1
133 1
134 1
135 1.03125
136 0.969697
137 1
138 1
139 1.03125
140 1
141 1
142 1
143 1
144 1
