0 94
1 104
2 94
3 92
4 106
5 94
6 102
7 96
8 94
9 96
10 94
11 92
12 102
13 106
14 102
15 100
16 94
17 94
18 94
19 94
20 96
21 106
22 102
23 104
24 104
25 102
26 108
27 90
28 112
29 104
30 102
31 104
32 108
33 102
34 102
35 104
36 108
37 102
38 102
39 106
40 106
41 108
42 104
43 102
44 100
45 108
46 106
47 106
48 110
49 104
50 108
51 102
52 106
53 106
54 108
55 104
56 110
57 108
58 108
59 104
60 106
61 108
62 106
63 106
64 108
65 108
66 110
67 112
68 106
69 112
70 110
71 108
72 110
73 104
74 106
75 110
76 108
77 108
78 108
79 112
80 108
81 110
82 106
83 112
84 110
85 110
86 110
87 108
88 114
89 110
90 108
91 114
92 112
93 114
94 112
95 114
96 110
97 112
98 112
99 112
100 110
101 110
102 114
103 110
104 114
105 112
106 114
107 110
108 112
109 112
110 112
111 114
112 116
113 116
114 114
115 114
116 116
117 114
118 112
119 114
120 116
121 116
122 114
123 114
124 116
125 114
126 114
127 116
128 112
129 114
130 116
131 118
132 114
133 114
134 116
135 118
136 116
137 116
138 118
139 116
140 120
141 114
142 114
143 118
144 114
145 118
146 118
147 116
148 116
149 120
150 120
151 116
152 118
153 116
154 118
155 118
156 120
157 116
158 118
159 118
160 118
161 122
162 118
163 120
164 122
165 116
166 114
167 122
168 118
169 122
170 122
171 118
172 122
173 116
174 118
175 122
176 118
177 120
178 118
179 120
180 122
181 120
182 120
183 120
184 122
185 124
186 118
187 118
188 120
189 124
190 122
191 120
192 122
193 122
194 124
195 122
196 122
197 124
198 122
199 124
200 124
201 122
202 122
203 124
204 122
205 122
206 124
207 124
208 128
209 122
210 124
211 124
212 128
213 124
214 124
215 126
216 124
217 124
218 128
219 124
220 128
221 120
222 122
223 128
224 124
225 124
226 124
227 130
228 124
229 126
230 126
231 126
232 130
233 130
234 126
235 128
236 126
237 128
238 128
239 126
240 128
241 128
242 130
243 124
244 130
245 126
246 128
247 126
248 130
249 130
250 128
251 132
252 126
253 130
254 132
255 128
256 130
257 128
258 132
259 128
260 128
261 132
262 128
263 132
264 132
265 126
266 128
267 130
268 128
269 128
270 128
271 126
272 128
273 130
274 130
275 130
276 132
277 128
278 128
279 128
280 132
281 134
282 132
283 130
284 132
285 130
286 136
287 130
288 134
289 132
290 130
291 130
292 132
293 132
294 128
295 134
296 130
297 130
298 134
299 130
300 134
301 128
302 130
303 130
304 134
305 138
306 130
307 138
308 128
309 136
310 132
311 136
312 140
313 130
314 132
315 140
316 132
317 138
318 136
319 132
320 138
321 136
322 140
323 136
324 140
325 138
326 136
327 136
328 140
329 138
330 136
331 138
332 134
333 138
334 134
335 136
336 138
337 142
338 136
339 136
340 138
341 140
342 142
343 136
344 140
345 138
346 140
347 138
348 138
349 144
350 136
351 138
352 136
353 140
354 140
355 140
356 140
357 142
358 140
359 136
360 142
361 142
362 140
363 142
364 138
365 136
366 144
367 142
368 140
369 142
370 142
371 140
372 144
373 140
374 142
375 140
376 142
377 144
378 140
379 142
380 142
381 146
382 140
383 142
384 140
385 142
386 144
387 142
388 140
389 140
390 144
391 142
392 142
393 144
394 144
395 142
396 142
397 144
398 142
399 142
400 142
401 144
402 140
403 142
404 144
405 144
406 142
407 144
408 144
409 144
410 146
411 144
412 144
413 146
414 146
415 142
416 144
417 144
418 144
419 142
420 144
421 144
422 146
423 142
424 146
425 142
426 142
427 146
428 144
429 144
430 146
431 146
432 144
433 146
434 146
435 146
436 142
437 144
438 146
439 142
440 146
441 142
442 146
443 144
444 144
445 146
446 144
447 144
448 142
449 146
450 146
451 146
452 146
453 142
454 146
455 142
456 146
457 146
458 146
459 142
460 144
461 142
462 144
463 144
464 142
465 144
466 144
467 146
468 146
469 144
470 146
471 142
472 144
473 146
474 146
475 146
476 146
477 144
478 146
479 144
480 146
481 144
482 146
483 146
484 142
485 146
486 142
487 146
488 142
489 142
490 146
491 144
492 144
493 144
494 146
495 146
496 144
497 146
498 146
499 146
500 144
501 144
502 144
503 144
504 146
505 146
506 144
507 146
508 142
509 144
510 144
511 146
512 144
513 144
514 146
515 144
516 144
517 146
518 146
519 144
520 146
521 146
522 146
523 144
524 146
525 148
526 144
527 146
528 146
529 144
530 142
531 144
532 144
533 146
534 144
535 144
536 148
537 144
538 148
539 146
540 146
541 144
542 144
543 144
544 144
545 144
546 148
547 146
548 146
549 146
550 148
551 148
552 148
553 144
554 144
555 148
556 146
557 148
558 144
559 148
560 148
561 148
562 148
563 146
564 146
565 144
566 146
567 148
568 146
569 146
570 144
571 148
572 146
573 146
574 148
575 146
576 146
577 146
578 144
579 148
580 146
581 148
582 148
583 148
584 146
585 148
586 148
587 146
588 148
589 146
590 148
591 146
592 144
593 146
594 148
595 144
596 146
597 148
598 148
599 146
600 148
601 144
602 146
603 148
604 148
605 146
606 148
607 146
608 148
609 146
610 148
611 148
612 150
613 148
614 144
615 144
616 148
617 148
618 146
619 148
620 148
621 150
622 148
623 148
624 146
625 148
626 146
627 148
628 146
629 146
630 148
631 148
632 144
633 150
634 146
635 146
636 148
637 144
638 146
639 144
640 146
641 148
642 150
643 148
644 148
645 148
646 150
647 148
648 146
649 148
650 150
651 148
652 148
653 150
654 150
655 150
656 146
657 146
658 150
659 148
660 150
661 150
662 146
663 150
664 148
665 146
666 148
667 148
668 150
669 146
670 148
671 150
672 150
673 148
674 148
675 148
676 150
677 148
678 146
679 148
680 150
681 152
682 150
683 150
684 148
685 152
686 148
687 148
688 148
689 146
690 152
691 150
692 146
693 148
694 146
695 150
696 146
697 148
698 148
699 148
700 148
701 150
702 148
703 148
704 154
705 152
706 150
707 146
708 152
709 156
710 150
711 152
712 148
713 146
714 150
715 154
716 148
717 150
718 154
719 148
720 150
721 150
722 154
723 152
724 154
725 154
726 156
727 150
728 152
729 152
730 152
731 152
732 150
733 154
734 154
735 152
736 150
737 156
738 152
739 152
740 150
741 154
742 152
743 150
744 150
745 156
746 156
747 154
748 154
749 154
750 154
751 152
752 156
753 152
754 154
755 152
756 152
757 152
758 156
759 156
760 152
761 158
762 152
763 152
764 154
765 156
766 152
767 156
768 154
769 152
770 154
771 152
772 156
773 154
774 154
775 156
776 154
777 152
778 154
779 156
780 160
781 152
782 152
783 154
784 156
785 156
786 156
787 154
788 156
789 152
790 154
791 154
792 154
793 154
794 156
795 154
796 154
797 162
798 156
799 162
800 154
801 154
802 156
803 160
804 158
805 160
806 154
807 158
808 158
809 160
810 160
811 156
812 160
813 158
814 158
815 162
816 158
817 162
818 164
819 160
820 158
821 158
822 158
823 158
824 160
825 162
826 158
827 160
828 158
829 160
830 162
831 162
832 158
833 158
834 162
835 158
836 158
837 162
838 164
839 160
840 162
841 160
842 164
843 164
844 160
845 164
846 162
847 160
848 162
849 164
850 164
851 164
852 160
853 160
854 162
855 160
856 164
857 160
858 164
859 162
860 160
861 160
862 164
863 162
864 164
865 164
866 162
867 164
868 164
869 162
870 162
871 164
872 162
873 164
874 164
875 160
876 164
877 162
878 160
879 160
880 162
881 162
882 162
883 162
884 162
885 164
886 162
887 162
888 160
889 160
890 160
891 164
892 162
893 160
894 164
895 160
896 160
897 162
898 160
899 164
900 160
901 162
902 160
903 164
904 162
905 160
906 162
907 162
908 162
909 164
910 162
911 164
912 164
913 160
914 164
915 162
916 164
917 160
918 164
919 160
920 164
921 164
922 164
923 160
924 164
925 164
926 160
927 160
928 164
929 160
930 164
931 164
932 164
933 162
934 162
935 160
936 160
937 164
938 160
939 166
940 160
941 160
942 160
943 160
944 164
945 162
946 164
947 164
948 160
949 162
950 164
951 164
952 160
953 162
954 160
955 160
956 162
957 162
958 162
959 160
960 164
961 160
962 160
963 166
964 160
965 162
966 162
967 162
968 164
969 160
970 162
971 164
972 160
973 166
974 160
975 162
976 166
977 162
978 162
979 162
980 166
981 162
982 164
983 162
984 162
985 162
986 166
987 162
988 166
989 166
990 162
991 164
992 162
993 166
994 162
995 164
996 164
997 166
998 164
999 162
