0 0
1 0.0566038
2 -0.0357143
3 0
4 0.0185185
5 0
6 0.0181818
7 0
8 0.0178571
9 0
10 0
11 0.0175439
12 0
13 0
14 0.0172414
15 0.0169492
16 0
17 0.0166667
18 0
19 0
20 0.0163934
21 0
22 0
23 0.0322581
24 0
25 0
26 0.015625
27 0
28 0
29 0.0153846
30 0
31 0
32 0
33 0.030303
34 -0.0147059
35 0.0298507
36 0.0144928
37 0
38 0
39 0
40 0.0142857
41 0
42 0.0140845
43 -0.0138889
44 0.0140845
45 0
46 0
47 0.0138889
48 -0.0136986
49 0
50 0
51 0
52 0.0138889
53 -0.0136986
54 0.0138889
55 0
56 0
57 0
58 0
59 0
60 0
61 0
62 0
63 0
64 0
65 0
66 0
67 0
68 0.0136986
69 -0.0135135
70 0.0136986
71 -0.0135135
72 0.0136986
73 0
74 0
75 0
76 0
77 0
78 0
79 0
80 0
81 0
82 0.0135135
83 0
84 -0.0133333
85 0.0135135
86 0
87 0
88 0
89 0
90 0
91 0
92 0.0133333
93 0
94 0
95 -0.0131579
96 0.0266667
97 0.012987
98 -0.0128205
99 0.012987
100 0
101 0
102 0
103 0
104 0.0128205
105 -0.0126582
106 0
107 0.025641
108 -0.025
109 0
110 0
111 0
112 0.0384615
113 -0.0123457
114 0.0125
115 0.0123457
116 -0.0121951
117 0
118 0.0123457
119 0
120 0
121 0
122 0
123 0
124 0
125 0
126 0
127 0
128 0
129 0
130 0
131 0
132 0
133 0
134 0
135 0.0121951
136 -0.0120482
137 0
138 0
139 0.0121951
140 0
141 0
142 0
143 0
144 0
