0 4.05578e-320
1 106
2 106
3 112
4 112
5 112
6 112
7 112
8 112
9 112
10 114
11 114
12 114
13 116
14 116
15 116
16 118
17 120
18 120
19 122
20 122
21 122
22 124
23 124
24 124
25 128
26 128
27 128
28 130
29 130
30 130
31 132
32 132
33 132
34 132
35 136
36 136
37 138
38 140
39 140
40 140
41 140
42 142
43 142
44 144
45 144
46 144
47 144
48 144
49 146
50 146
51 146
52 146
53 146
54 146
55 146
56 146
57 146
58 146
59 146
60 146
61 146
62 146
63 146
64 146
65 146
66 146
67 146
68 146
69 146
70 148
71 148
72 148
73 148
74 148
75 148
76 148
77 148
78 148
79 148
80 148
81 148
82 148
83 148
84 150
85 150
86 150
87 150
88 150
89 150
90 150
91 150
92 150
93 150
94 152
95 152
96 152
97 152
98 154
99 156
100 156
101 156
102 156
103 156
104 156
105 156
106 158
107 158
108 158
109 160
110 160
111 160
112 160
113 160
114 162
115 162
116 162
117 164
118 164
119 164
120 164
121 164
122 164
123 164
124 164
125 164
126 164
127 164
128 164
129 164
130 164
131 164
132 164
133 164
134 164
135 164
136 164
137 166
138 166
139 166
140 166
141 166
142 166
143 166
144 166
145 166
146 166
