0 0.37
1 0.45
2 0.5
3 0.48
4 0.4
5 0.49
6 0.51
7 0.48
8 0.53
9 0.53
10 0.5
11 0.45
12 0.44
13 0.46
14 0.46
15 0.43
16 0.45
17 0.44
18 0.46
19 0.47
20 0.45
21 0.44
22 0.48
23 0.45
24 0.46
25 0.44
26 0.46
27 0.46
28 0.47
29 0.46
30 0.44
31 0.46
32 0.48
33 0.46
34 0.48
35 0.46
36 0.47
37 0.46
38 0.46
39 0.48
40 0.46
41 0.47
42 0.47
43 0.45
44 0.47
45 0.47
46 0.46
47 0.47
48 0.49
49 0.47
50 0.49
51 0.49
52 0.46
53 0.47
54 0.47
55 0.49
56 0.47
57 0.46
58 0.46
59 0.46
60 0.46
61 0.49
62 0.49
63 0.46
64 0.49
65 0.48
66 0.47
67 0.47
68 0.47
69 0.51
70 0.47
71 0.47
72 0.49
73 0.48
74 0.47
75 0.48
76 0.48
77 0.46
78 0.5
79 0.48
80 0.49
81 0.48
82 0.48
83 0.49
84 0.47
85 0.49
86 0.48
87 0.51
88 0.51
89 0.51
90 0.48
91 0.46
92 0.5
93 0.51
94 0.5
95 0.5
96 0.48
97 0.5
98 0.48
99 0.52
100 0.5
101 0.5
102 0.52
103 0.51
104 0.51
105 0.5
106 0.5
107 0.5
108 0.51
109 0.52
110 0.53
111 0.52
112 0.52
113 0.52
114 0.52
115 0.51
116 0.51
117 0.53
118 0.53
119 0.51
120 0.52
121 0.51
122 0.54
123 0.54
124 0.54
125 0.52
126 0.49
127 0.52
128 0.54
129 0.54
130 0.55
131 0.52
132 0.54
133 0.53
134 0.53
135 0.55
136 0.56
137 0.55
138 0.55
139 0.52
140 0.51
141 0.51
142 0.51
143 0.53
144 0.53
