-6 -4 4 2 6 10 8 10 10 14 10 14 14 16 18 16 18 16 18 22 18 18 22 22 28 28 24 30 28 26 30 32 26 32 32 34 30 32 36 38 36 40 38 40 42 42 44 42 44 42 42 42 46 44 46 46 42 46 46 46 42 44 46 46 44 46 46 44 46 46 44 46 44 48 48 46 46 48 46 46 48 46 48 46 46 48 44 48 48 50 46 50 50 50 52 50 48 50 54 54 52 52 54 52 52 52 54 54 52 56 54 54 54 58 60 58 58 60 58 60 64 64 60 64 64 60 64 60 60 60 62 62 62 64 60 60 62 64 62 66 62 66 62 64 64 
-8 6 2 6 10 8 8 4 6 12 10 10 16 14 14 18 18 18 20 22 20 18 22 22 24 24 30 26 28 30 32 28 28 34 30 30 38 40 40 36 38 42 44 40 40 42 40 42 42 42 44 44 44 44 42 44 44 44 46 46 44 46 44 42 44 46 44 44 46 46 44 44 48 44 48 46 46 46 48 44 48 48 50 48 48 44 46 50 50 48 48 50 48 50 50 46 48 46 48 52 50 52 54 52 58 56 54 56 54 56 54 54 62 60 60 62 58 58 58 64 62 64 64 62 60 62 62 64 60 64 60 64 64 60 64 64 64 60 62 60 64 62 66 62 62 
2 2 4 6 4 8 10 6 12 14 14 12 14 14 14 16 16 18 22 18 22 20 24 24 24 28 24 28 30 30 28 32 30 32 30 34 28 32 36 38 42 36 36 42 42 40 42 46 40 44 42 44 44 44 46 44 46 44 42 46 44 46 46 46 46 44 46 46 46 44 48 44 46 44 48 44 48 48 48 46 46 46 48 48 46 50 44 48 50 50 48 48 46 48 46 48 50 52 50 54 54 50 54 52 52 54 56 60 56 54 54 56 56 54 56 64 60 60 62 64 60 60 62 64 64 62 62 62 62 60 62 64 60 64 64 60 64 62 62 62 60 62 62 66 66 
6 4 8 8 8 4 12 10 10 12 10 12 12 16 16 20 16 20 16 22 20 24 22 24 26 20 26 26 24 28 30 32 30 30 32 28 36 38 40 34 36 40 38 40 38 38 40 40 40 44 42 42 46 42 42 46 42 46 46 42 46 46 44 42 46 44 42 44 44 42 44 44 46 48 48 46 46 48 46 48 48 48 44 50 46 46 46 46 50 50 50 48 48 52 48 48 48 56 54 54 54 54 54 56 52 52 54 52 52 56 56 54 62 58 60 60 62 62 64 60 62 60 60 64 62 62 60 60 60 62 62 60 64 64 64 66 60 60 60 62 66 62 66 62 62 
2 4 2 4 2 6 6 8 10 14 14 12 14 12 18 14 20 16 14 16 20 22 24 28 24 22 26 28 30 32 28 26 30 32 32 30 32 36 38 38 36 38 36 36 36 36 42 42 44 42 42 44 46 44 42 46 46 44 42 44 46 46 46 42 44 44 44 44 46 44 48 44 46 46 46 48 46 48 48 44 44 44 44 48 48 46 48 48 46 46 46 48 50 48 46 46 48 50 48 56 52 52 52 56 54 54 52 52 52 52 52 52 54 58 58 58 58 62 60 60 64 62 60 62 60 62 60 64 64 60 62 64 60 60 62 60 62 60 64 62 60 66 66 64 64 
0 2 2 2 6 8 12 8 10 10 12 14 16 14 16 14 20 18 22 18 20 20 24 22 24 28 26 28 26 26 32 28 32 30 28 30 36 32 36 34 38 40 40 42 44 44 44 40 40 40 44 44 42 44 44 44 42 44 44 42 44 44 46 46 46 44 44 46 48 44 46 46 48 48 48 46 46 46 46 46 46 46 48 48 48 48 50 50 46 50 48 48 52 48 48 48 54 52 50 50 50 50 56 56 56 52 52 52 52 52 52 52 54 54 58 58 58 58 62 62 62 60 64 62 62 62 62 62 62 64 64 64 64 60 62 60 64 64 60 64 62 62 62 64 64 
-6 8 4 0 6 6 10 8 8 12 12 16 16 16 16 18 16 18 18 22 22 22 22 24 24 24 30 26 28 28 28 30 28 36 34 34 40 38 36 36 36 38 40 40 42 42 40 42 42 42 40 44 44 44 44 46 46 42 42 44 46 46 42 44 44 46 46 46 44 46 46 46 48 44 44 46 44 44 48 48 48 48 48 46 46 46 48 48 48 48 48 48 48 48 48 48 52 48 50 52 56 50 52 52 52 56 56 56 56 56 56 56 56 56 62 62 62 58 58 58 58 64 62 64 64 64 64 64 64 64 64 64 64 64 60 60 60 60 60 60 60 64 64 66 66 
-6 -10 8 8 8 6 8 12 14 12 12 16 14 14 14 14 18 18 18 18 24 22 22 24 24 24 24 24 24 24 28 28 28 30 30 38 30 30 40 40 40 40 40 40 40 40 40 40 40 40 40 40 40 40 40 46 46 46 46 44 42 42 42 42 42 42 42 44 44 44 44 44 44 44 44 44 44 44 44 44 48 48 48 48 48 48 48 48 48 48 48 48 48 46 46 46 46 46 46 52 52 56 54 54 54 54 54 54 54 54 54 54 60 60 60 60 60 62 62 62 62 62 64 62 62 62 62 62 62 62 62 62 62 62 62 60 60 60 60 60 60 62 62 62 62 
-6 12 2 6 4 4 4 8 10 12 12 14 14 14 14 14 14 22 22 20 20 24 24 24 24 24 24 24 24 24 24 28 28 34 30 30 30 30 30 30 30 30 30 30 30 30 30 30 30 30 30 30 30 30 30 46 46 46 46 46 46 46 46 46 46 46 46 46 46 46 46 46 46 46 46 48 48 48 48 48 46 46 46 46 46 46 46 46 46 46 46 46 46 46 46 46 46 50 50 52 52 56 56 56 56 56 56 56 56 56 56 56 56 56 56 56 56 56 56 56 56 56 56 64 64 64 64 64 64 64 64 64 64 64 64 64 64 64 64 64 64 62 62 62 62 
-6 -6 -6 -6 -6 -6 -6 -6 8 8 8 8 8 8 8 8 8 8 8 8 8 8 8 8 8 8 8 8 8 8 8 28 28 28 28 28 28 28 28 28 28 28 28 28 28 28 28 28 28 28 28 28 28 28 28 28 28 28 28 28 28 28 28 28 28 28 28 28 28 28 28 28 28 28 28 28 28 28 28 28 48 48 48 48 48 48 48 48 48 48 48 48 48 48 48 48 48 48 48 48 48 48 48 48 48 48 48 48 48 48 48 48 48 48 48 48 48 48 48 48 48 48 48 48 48 48 48 48 48 48 48 48 48 48 48 48 48 48 48 48 48 48 48 48 48 
