0 -0.06
1 -0.12
2 -0.08
3 -0.08
4 -0.1
5 -0.1
6 -0.12
7 -0.12
8 -0.14
9 -0.14
10 -0.14
11 -0.16
12 -0.16
13 -0.16
14 -0.18
15 -0.2
16 -0.2
17 -0.22
18 -0.22
19 -0.22
20 -0.24
21 -0.24
22 -0.24
23 -0.28
24 -0.28
25 -0.28
26 -0.3
27 -0.3
28 -0.3
29 -0.32
30 -0.32
31 -0.32
32 -0.32
33 -0.36
34 -0.34
35 -0.38
36 -0.4
37 -0.4
38 -0.4
39 -0.4
40 -0.42
41 -0.42
42 -0.44
43 -0.42
44 -0.44
45 -0.44
46 -0.44
47 -0.46
48 -0.44
49 -0.44
50 -0.44
51 -0.44
52 -0.46
53 -0.44
54 -0.46
55 -0.46
56 -0.46
57 -0.46
58 -0.46
59 -0.46
60 -0.46
61 -0.46
62 -0.46
63 -0.46
64 -0.46
65 -0.46
66 -0.46
67 -0.46
68 -0.48
69 -0.46
70 -0.48
71 -0.46
72 -0.48
73 -0.48
74 -0.48
75 -0.48
76 -0.48
77 -0.48
78 -0.48
79 -0.48
80 -0.48
81 -0.48
82 -0.5
83 -0.5
84 -0.48
85 -0.5
86 -0.5
87 -0.5
88 -0.5
89 -0.5
90 -0.5
91 -0.5
92 -0.52
93 -0.52
94 -0.52
95 -0.5
96 -0.54
97 -0.56
98 -0.54
99 -0.56
100 -0.56
101 -0.56
102 -0.56
103 -0.56
104 -0.58
105 -0.56
106 -0.56
107 -0.6
108 -0.56
109 -0.56
110 -0.56
111 -0.56
112 -0.62
113 -0.6
114 -0.62
115 -0.64
116 -0.62
117 -0.62
118 -0.64
119 -0.64
120 -0.64
121 -0.64
122 -0.64
123 -0.64
124 -0.64
125 -0.64
126 -0.64
127 -0.64
128 -0.64
129 -0.64
130 -0.64
131 -0.64
132 -0.64
133 -0.64
134 -0.64
135 -0.66
136 -0.64
137 -0.64
138 -0.64
139 -0.66
140 -0.66
141 -0.66
142 -0.66
143 -0.66
144 -0.66
