35 37 38 32 36 33 38 35 34 34 
32 37 35 37 38 38 34 33 37 36 
34 37 37 38 38 37 36 33 34 36 
38 38 37 39 38 35 37 37 34 38 
37 35 38 37 35 36 38 37 38 38 
35 35 39 34 34 38 38 36 35 37 
35 36 35 36 34 38 37 36 35 36 
35 38 35 36 34 36 37 36 35 37 
36 38 37 37 36 35 37 35 38 37 
37 36 36 37 37 35 35 36 34 38 
37 36 34 34 35 37 36 34 36 34 
36 34 37 33 35 35 36 34 36 34 
37 36 35 38 33 35 34 34 38 35 
34 35 34 36 33 33 35 33 35 35 
33 35 34 36 35 35 35 35 35 34 
33 36 36 36 37 37 35 35 35 34 
36 36 35 37 34 37 35 37 36 38 
36 36 37 37 34 37 37 38 38 36 
36 37 37 36 36 36 36 37 37 36 
36 37 36 37 36 37 36 36 36 36 
36 38 36 36 36 36 36 36 36 36 
36 37 36 35 37 36 36 36 36 36 
37 36 36 36 37 36 37 36 36 37 
36 36 37 36 37 37 36 36 36 36 
37 36 37 36 36 37 36 36 36 36 
37 36 37 36 36 37 37 36 36 36 
37 36 36 37 37 36 37 36 37 36 
37 36 37 37 37 36 36 37 36 36 
37 36 37 37 37 36 37 37 37 36 
36 37 36 36 37 36 37 37 37 36 
36 37 36 36 37 36 37 37 36 36 
37 37 36 37 37 36 36 36 37 37 
36 37 37 37 37 37 36 36 36 37 
36 36 36 37 36 37 37 36 36 36 
37 37 36 37 36 37 37 37 38 36 
36 37 37 37 37 38 36 37 38 37 
38 37 37 37 37 38 36 37 37 37 
37 37 38 37 37 38 37 38 38 38 
38 37 38 37 38 38 37 38 37 37 
38 37 37 37 38 38 37 37 38 37 
38 37 38 38 38 38 37 37 38 38 
38 37 38 38 38 37 38 38 38 38 
38 38 38 37 38 38 38 38 38 38 
38 38 38 38 38 38 38 38 38 39 
38 38 38 38 38 38 38 39 39 38 
38 38 38 38 39 38 39 38 38 38 
38 39 38 38 39 38 39 38 38 39 
38 39 38 38 39 38 39 39 38 39 
38 38 38 39 38 38 39 39 38 39 
38 38 38 39 38 38 39 38 38 38 
38 38 38 39 39 39 39 38 38 38 
39 38 38 39 39 39 38 38 38 38 
39 38 38 39 39 38 38 38 39 39 
39 39 38 39 39 38 38 38 39 39 
38 39 38 39 39 38 39 39 39 38 
38 39 39 39 39 39 39 39 39 38 
39 38 39 39 38 39 39 38 39 39 
39 39 39 39 38 39 38 38 39 39 
39 39 38 39 39 39 39 39 39 39 
39 38 38 39 39 38 39 39 39 39 
38 38 38 39 39 38 38 39 39 38 
39 39 38 39 38 39 38 39 39 39 
39 39 39 39 39 39 39 39 39 39 
40 39 39 39 40 39 39 39 40 38 
39 39 39 39 40 39 39 40 39 39 
39 39 38 39 39 38 38 39 39 39 
39 39 38 39 39 38 38 39 39 39 
39 39 38 39 39 39 39 39 39 39 
39 39 38 39 39 38 38 38 39 39 
39 39 39 39 39 39 38 38 39 39 
39 39 40 39 39 39 38 39 39 39 
39 39 40 39 39 39 39 38 39 39 
40 39 39 38 38 39 39 38 39 39 
39 39 39 38 38 39 39 39 39 39 
39 39 40 39 39 39 39 39 39 39 
40 39 39 39 39 39 39 39 39 40 
39 39 39 39 39 39 40 39 40 39 
39 39 40 39 39 39 39 39 39 39 
39 39 39 40 39 39 39 39 39 39 
39 39 39 40 38 39 39 39 39 39 
39 39 39 39 39 39 39 39 39 39 
38 39 39 39 39 40 39 40 39 40 
40 39 39 39 39 40 39 40 39 39 
40 39 39 39 39 39 39 40 39 39 
39 40 39 38 39 39 39 40 40 40 
39 40 39 38 39 39 39 39 39 39 
39 39 39 40 40 39 39 39 39 39 
40 39 40 39 39 39 39 39 39 39 
40 40 40 39 39 40 40 40 38 39 
40 40 39 40 39 39 39 40 38 39 
40 40 39 40 39 39 39 40 39 40 
39 40 39 40 39 39 40 40 40 39 
39 39 40 40 40 40 40 40 40 39 
40 40 40 40 40 40 40 40 39 39 
40 40 40 40 40 40 39 40 40 40 
40 40 39 39 39 40 39 40 40 40 
40 40 39 39 39 41 39 39 39 40 
40 40 40 40 41 40 39 39 39 39 
40 40 40 40 40 40 40 39 40 40 
40 40 40 40 40 41 40 41 41 40 
40 40 40 40 41 41 41 40 40 40 
40 39 39 40 40 41 40 40 40 40 
41 41 41 41 41 40 41 40 40 40 
41 41 41 41 41 40 41 41 41 40 
41 41 41 41 41 40 40 40 40 40 
40 41 40 40 41 41 40 40 40 40 
41 40 40 40 41 41 41 40 41 40 
41 40 40 41 40 41 40 40 41 40 
41 40 40 41 40 41 40 40 40 40 
41 40 40 40 40 41 40 40 40 40 
41 40 40 40 40 40 40 40 40 40 
41 40 40 40 40 40 40 40 40 40 
41 40 40 40 41 40 40 40 40 40 
40 41 41 41 41 40 40 41 41 41 
40 41 41 41 41 41 41 40 40 41 
41 41 41 41 41 41 41 40 40 41 
41 41 41 41 41 41 42 40 41 41 
41 41 40 41 41 41 41 40 41 41 
41 41 40 41 41 41 41 40 41 41 
41 41 40 41 41 41 41 41 42 41 
41 42 41 41 41 41 41 41 42 41 
41 42 41 41 41 41 41 41 42 42 
41 41 41 41 41 41 41 41 42 42 
41 41 41 42 42 41 41 41 41 41 
42 41 41 42 42 41 41 41 41 42 
42 41 41 42 42 41 42 41 41 42 
42 41 42 42 41 41 42 41 41 41 
42 41 42 42 41 41 42 41 41 41 
41 41 42 42 42 41 42 41 41 41 
41 41 42 42 42 41 42 42 41 41 
41 42 41 41 42 41 42 42 41 41 
41 42 41 41 41 41 42 41 41 41 
41 41 41 41 41 41 42 41 41 41 
41 41 41 41 41 41 41 41 42 41 
41 41 41 42 41 41 41 41 42 41 
41 41 42 42 41 41 41 41 42 41 
41 41 41 41 41 41 41 42 41 42 
41 41 41 41 41 41 42 41 41 41 
41 41 41 41 41 41 42 41 41 41 
41 41 41 41 41 41 41 41 41 41 
41 41 41 41 41 41 41 41 41 41 
41 41 42 42 41 41 41 41 41 41 
42 41 41 42 41 41 42 41 41 41 
41 41 41 42 41 41 41 41 42 41 
41 42 41 41 42 42 42 41 42 41 
41 42 41 41 42 42 42 41 42 42 
