0 0
1 0
2 0
3 1
4 2
5 3
6 3
7 3
8 4
9 3
10 4
11 5
12 6
13 7
14 7
15 7
16 8
17 8
18 9
19 9
20 10
21 10
22 10
23 10
24 10
25 11
26 11
27 11
28 11
29 12
30 12
31 12
32 12
33 13
34 13
35 12
36 12
37 13
38 12
39 13
40 14
41 15
42 14
43 15
44 14
45 14
46 15
47 15
48 15
49 15
50 15
51 16
52 16
53 15
54 15
55 16
56 16
57 17
58 16
59 16
60 17
61 17
62 17
63 17
64 17
65 18
66 18
67 18
68 18
69 19
70 18
71 19
72 18
73 19
74 19
75 20
76 20
77 20
78 20
79 20
80 20
81 21
82 21
83 20
84 20
85 20
86 20
87 21
88 20
89 20
90 20
91 20
92 21
93 21
94 20
95 20
96 20
97 20
98 20
99 21
100 21
101 21
102 21
103 21
104 21
105 21
106 21
107 20
108 20
109 20
110 20
111 21
112 22
113 22
114 22
115 21
116 22
117 22
118 22
119 22
120 22
121 22
122 22
123 22
124 21
125 21
126 22
127 21
128 22
129 21
130 22
131 22
132 22
133 22
134 22
135 23
136 22
137 22
138 22
139 22
140 22
141 21
142 22
143 21
144 20
145 21
146 21
147 21
148 21
149 20
150 21
151 20
152 21
153 21
154 22
155 22
156 22
157 22
158 22
159 21
160 21
161 21
162 21
163 22
164 22
