0 1.1
1 1.1
2 1.12
3 1.14
4 1.18
5 1.18
6 1.18
7 1.22
8 1.18
9 1.2
10 1.24
11 1.26
12 1.32
13 1.32
14 1.32
15 1.36
16 1.36
17 1.38
18 1.38
19 1.4
20 1.4
21 1.4
22 1.4
23 1.4
24 1.42
25 1.42
26 1.42
27 1.42
28 1.44
29 1.44
30 1.44
31 1.44
32 1.46
33 1.46
34 1.44
35 1.44
36 1.48
37 1.46
38 1.5
39 1.52
40 1.54
41 1.52
42 1.56
43 1.54
44 1.54
45 1.56
46 1.56
47 1.56
48 1.56
49 1.56
50 1.6
51 1.6
52 1.56
53 1.56
54 1.6
55 1.6
56 1.64
57 1.6
58 1.6
59 1.64
60 1.64
61 1.64
62 1.64
63 1.64
64 1.66
65 1.66
66 1.66
67 1.66
68 1.68
69 1.66
70 1.68
71 1.66
72 1.68
73 1.68
74 1.7
75 1.7
76 1.7
77 1.7
78 1.7
79 1.7
80 1.72
81 1.72
82 1.7
83 1.7
84 1.7
85 1.7
86 1.72
87 1.7
88 1.7
89 1.7
90 1.7
91 1.72
92 1.72
93 1.7
94 1.7
95 1.7
96 1.7
97 1.7
98 1.72
99 1.72
100 1.72
101 1.72
102 1.72
103 1.72
104 1.72
105 1.72
106 1.7
107 1.7
108 1.7
109 1.7
110 1.72
111 1.76
112 1.76
113 1.76
114 1.74
115 1.76
116 1.76
117 1.76
118 1.76
119 1.76
120 1.76
121 1.76
122 1.76
123 1.74
124 1.74
125 1.76
126 1.74
127 1.76
128 1.74
129 1.76
130 1.76
131 1.76
132 1.76
133 1.76
134 1.78
135 1.76
136 1.76
137 1.76
138 1.76
139 1.76
140 1.74
141 1.78
142 1.76
143 1.74
144 1.76
145 1.76
146 1.76
147 1.76
148 1.74
149 1.76
150 1.74
151 1.76
152 1.76
153 1.78
154 1.78
155 1.78
156 1.78
157 1.78
158 1.76
159 1.76
160 1.76
161 1.76
162 1.78
163 1.78
