0 104
1 106
2 94
3 92
4 110
5 100
6 98
7 92
8 106
9 106
10 108
11 108
12 102
13 110
14 110
15 108
16 94
17 96
18 96
19 106
20 108
21 106
22 108
23 108
24 102
25 110
26 106
27 110
28 106
29 104
30 108
31 106
32 112
33 106
34 110
35 110
36 108
37 106
38 108
39 114
40 112
41 108
42 114
43 108
44 108
45 118
46 118
47 110
48 112
49 110
50 116
51 116
52 118
53 112
54 114
55 110
56 114
57 118
58 112
59 112
60 118
61 110
62 114
63 122
64 116
65 116
66 114
67 118
68 114
69 118
70 118
71 114
72 114
73 118
74 118
75 116
76 114
77 118
78 114
79 114
80 120
81 116
82 116
83 118
84 124
85 122
86 116
87 118
88 120
89 118
90 116
91 114
92 124
93 126
94 126
95 114
96 120
97 118
98 124
99 120
100 120
101 118
102 122
103 122
104 118
105 126
106 132
107 128
108 118
109 122
110 126
111 118
112 122
113 132
114 122
115 128
116 124
117 122
118 118
119 130
120 118
121 132
122 118
123 122
124 128
125 136
126 122
127 132
128 130
129 128
130 128
131 132
132 132
133 132
134 136
135 132
136 128
137 128
138 132
139 128
140 136
141 136
142 130
143 134
144 138
145 136
146 130
147 128
148 136
149 130
150 134
151 132
152 136
153 138
154 138
155 140
156 138
157 136
158 136
159 132
160 138
161 138
162 132
163 140
164 132
165 138
166 140
167 136
168 140
169 134
170 136
171 140
172 136
173 138
174 138
175 136
176 138
177 136
178 140
179 136
180 140
181 140
182 136
183 136
184 140
185 140
186 140
187 138
188 138
189 136
190 140
191 142
192 140
193 140
194 140
195 136
196 140
197 142
198 136
199 140
200 140
201 136
202 142
203 136
204 138
205 142
206 138
207 142
208 138
209 140
210 142
211 136
212 140
213 144
214 142
215 144
216 138
217 140
218 140
219 138
220 142
221 140
222 140
223 144
224 140
225 140
226 140
227 142
228 144
229 142
230 140
231 138
232 140
233 142
234 142
235 142
236 146
237 142
238 140
239 142
240 144
241 144
242 140
243 140
244 140
245 144
246 142
247 140
248 144
249 140
250 140
251 142
252 144
253 144
254 148
255 148
256 144
257 140
258 140
259 146
260 144
261 146
262 146
263 146
264 142
265 146
266 144
267 146
268 150
269 144
270 142
271 144
272 152
273 150
274 144
275 150
276 142
277 146
278 146
279 146
280 146
281 144
282 146
283 154
284 144
285 148
286 146
287 152
288 146
289 148
290 152
291 150
292 150
293 148
294 152
295 150
296 152
297 156
298 150
299 154
300 150
301 150
302 150
303 150
304 152
305 154
306 154
307 150
308 156
309 150
310 156
311 152
312 150
313 152
314 154
315 150
316 150
317 156
318 154
319 152
320 152
321 152
322 152
323 154
324 154
325 156
326 156
327 152
328 152
329 152
330 152
331 156
332 154
333 156
334 152
335 154
336 160
337 152
338 156
339 156
340 152
341 152
342 154
343 152
344 152
345 156
346 156
347 160
348 156
349 154
350 152
351 156
352 156
353 152
354 152
355 156
356 154
357 154
358 156
359 154
360 154
361 152
362 156
363 156
364 152
365 160
366 152
367 156
368 156
369 160
370 156
371 160
372 156
373 156
374 160
375 158
376 160
377 160
378 164
379 156
380 156
381 158
382 160
383 160
384 160
385 160
386 156
387 158
388 156
389 160
390 158
391 156
392 156
393 156
394 156
395 158
396 158
397 164
398 160
399 160
400 164
401 160
402 162
403 164
404 160
405 160
406 158
407 162
408 156
409 160
410 164
411 160
412 160
413 160
414 160
415 162
416 162
417 158
418 156
419 164
420 164
421 160
422 164
423 164
424 164
425 160
426 162
427 160
428 164
429 160
430 164
431 162
432 162
433 164
434 164
435 166
436 166
437 160
438 164
439 162
440 166
441 164
442 162
443 164
444 164
445 160
446 162
447 166
448 160
449 162
450 166
451 160
452 166
453 166
454 166
455 166
456 166
457 166
458 164
459 166
460 162
461 168
462 162
463 166
464 162
465 166
466 164
467 166
468 164
469 166
470 162
471 162
472 168
473 166
474 164
475 168
476 166
477 168
478 166
479 164
480 162
481 166
482 164
483 162
484 164
485 166
486 166
487 162
488 164
489 168
490 164
491 162
492 166
493 164
494 168
495 166
496 168
497 164
498 168
499 164
500 164
501 168
502 168
503 168
504 168
505 168
506 170
507 170
508 168
509 164
510 164
511 164
512 164
513 168
514 166
515 168
516 166
517 164
518 164
519 168
520 166
521 168
522 170
523 164
524 166
525 164
526 164
527 164
528 166
529 166
530 166
531 168
532 168
533 170
534 168
535 168
536 168
537 168
538 168
539 168
540 164
541 166
542 168
543 164
544 168
545 166
546 166
547 172
548 170
549 168
550 166
551 166
552 166
553 172
554 166
555 170
556 166
557 166
558 166
559 166
560 170
561 168
562 168
563 170
564 168
565 166
566 166
567 170
568 166
569 168
570 166
571 170
572 170
573 166
574 168
575 170
576 168
577 168
578 168
579 170
580 168
581 172
582 170
583 170
584 168
585 170
586 170
587 168
588 170
589 168
590 168
591 168
592 168
593 168
594 168
595 170
596 168
597 168
598 170
599 170
600 170
601 168
602 168
603 168
604 170
605 168
606 168
607 170
608 170
609 168
610 172
611 168
612 168
613 168
614 170
615 170
616 168
617 170
618 168
619 168
620 168
621 170
622 168
623 168
624 168
625 168
626 170
627 170
628 170
629 168
630 168
631 168
632 168
633 168
634 168
635 170
636 170
637 168
638 170
639 170
640 168
641 172
642 168
643 170
644 168
645 170
646 170
647 172
648 168
649 170
650 168
651 170
652 172
653 168
654 170
655 168
656 168
657 168
658 170
659 168
660 168
661 168
662 168
663 172
664 168
665 168
666 168
667 168
668 168
669 168
670 168
671 170
672 170
673 172
674 172
675 168
676 168
677 170
678 168
679 172
680 170
681 168
682 168
683 168
684 168
685 168
686 168
687 168
688 170
689 168
690 168
691 170
692 168
693 168
694 168
695 168
696 168
697 168
698 170
699 170
700 168
701 170
702 168
703 172
704 168
705 168
706 168
707 176
708 170
709 168
710 168
711 170
712 172
713 168
714 168
715 168
716 176
717 170
718 176
719 170
720 168
721 168
722 168
723 168
724 172
725 170
726 174
727 170
728 168
729 170
730 172
731 176
732 168
733 176
734 174
735 172
736 168
737 170
738 172
739 174
740 176
741 176
742 174
743 172
744 174
745 176
746 172
747 172
748 176
749 172
750 174
751 172
752 172
753 176
754 172
755 172
756 172
757 174
758 176
759 172
760 172
761 174
762 172
763 174
764 174
765 176
766 174
767 174
768 172
769 172
770 172
771 172
772 172
773 174
774 172
775 172
776 172
777 174
778 174
779 174
780 172
781 172
782 172
783 172
784 172
785 176
786 174
787 172
788 172
789 176
790 172
791 174
792 172
793 172
794 174
795 174
796 174
797 174
798 172
799 172
800 174
801 174
802 172
803 176
804 174
805 172
806 172
807 172
808 172
809 172
810 174
811 174
812 172
813 174
814 172
815 172
816 174
817 176
818 176
819 172
820 172
821 174
822 174
823 174
824 172
825 176
826 172
827 176
828 174
829 172
830 174
831 174
832 176
833 174
834 172
835 172
836 178
837 172
838 172
839 172
840 172
841 176
842 172
843 174
844 176
845 174
846 174
847 174
848 172
849 172
850 172
851 174
852 176
853 172
854 174
855 172
856 176
857 176
858 174
859 172
860 172
861 174
862 172
863 176
864 172
865 176
866 172
867 172
868 176
869 176
870 174
871 176
872 174
873 174
874 174
875 174
876 172
877 174
878 174
879 174
880 174
881 178
882 174
883 176
884 176
885 174
886 174
887 174
888 174
889 174
890 174
891 174
892 174
893 174
894 174
895 174
896 176
897 174
898 176
899 174
900 174
901 174
902 174
903 176
904 174
905 174
906 174
907 174
908 176
909 176
910 176
911 174
912 174
913 176
914 176
915 174
916 174
917 174
918 174
919 174
920 174
921 174
922 176
923 174
924 174
925 174
926 174
927 174
928 174
929 174
930 174
931 174
932 176
933 174
934 174
935 174
936 174
937 176
938 176
939 176
940 174
941 174
942 176
943 176
944 178
945 174
946 174
947 176
948 174
949 176
950 174
951 176
952 174
953 174
954 174
955 174
956 174
957 178
958 178
959 174
960 174
961 178
962 176
963 174
964 174
965 176
966 174
967 174
968 174
969 176
970 174
971 174
972 176
973 176
974 174
975 176
976 174
977 176
978 176
979 174
980 176
981 174
982 174
983 174
984 174
985 174
986 174
987 176
988 174
989 174
990 178
991 178
992 174
993 176
994 174
995 178
996 174
997 174
998 176
999 178
