0 1
1 1
2 1.2
3 1.16667
4 1.28571
5 1
6 1
7 1.22222
8 0.818182
9 1.11111
10 1.2
11 1.08333
12 1.23077
13 1
14 1
15 1.125
16 1
17 1.05556
18 1
19 1.05263
20 1
21 1
22 1
23 1
24 1.05
25 1
26 1
27 1
28 1.04762
29 1
30 1
31 1
32 1.04545
33 1
34 0.956522
35 1
36 1.09091
37 0.958333
38 1.08696
39 1.04
40 1.03846
41 0.962963
42 1.07692
43 0.964286
44 1
45 1.03704
46 1
47 1
48 1
49 1
50 1.07143
51 1
52 0.933333
53 1
54 1.07143
55 1
56 1.06667
57 0.9375
58 1
59 1.06667
60 1
61 1
62 1
63 1
64 1.03125
65 1
66 1
67 1
68 1.0303
69 0.970588
70 1.0303
71 0.970588
72 1.0303
73 1
74 1.02941
75 1
76 1
77 1
78 1
79 1
80 1.02857
81 1
82 0.972222
83 1
84 1
85 1
86 1.02857
87 0.972222
88 1
89 1
90 1
91 1.02857
92 1
93 0.972222
94 1
95 1
96 1
97 1
98 1.02857
99 1
100 1
101 1
102 1
103 1
104 1
105 1
106 0.972222
107 1
108 1
109 1
110 1.02857
111 1.05556
112 1
113 1
114 0.973684
115 1.02703
116 1
117 1
118 1
119 1
120 1
121 1
122 1
123 0.973684
124 1
125 1.02703
126 0.973684
127 1.02703
128 0.973684
129 1.02703
130 1
131 1
132 1
133 1
134 1.02632
135 0.974359
136 1
137 1
138 1
139 1
140 0.973684
141 1.05405
142 0.974359
143 0.973684
144 1.02703
145 1
146 1
147 1
148 0.973684
149 1.02703
150 0.973684
151 1.02703
152 1
153 1.02632
154 1
155 1
156 1
157 1
158 0.974359
159 1
160 1
161 1
162 1.02632
163 1
