0 0
1 0
2 0.0181818
3 0.0178571
4 0.0350877
5 0
6 0
7 0.0338983
8 -0.0327869
9 0.0169492
10 0.0333333
11 0.016129
12 0.047619
13 0
14 0
15 0.030303
16 0
17 0.0147059
18 0
19 0.0144928
20 0
21 0
22 0
23 0
24 0.0142857
25 0
26 0
27 0
28 0.0140845
29 0
30 0
31 0
32 0.0138889
33 0
34 -0.0136986
35 0
36 0.0277778
37 -0.0135135
38 0.0273973
39 0.0133333
40 0.0131579
41 -0.012987
42 0.0263158
43 -0.0128205
44 0
45 0.012987
46 0
47 0
48 0
49 0
50 0.025641
51 0
52 -0.025
53 0
54 0.025641
55 0
56 0.025
57 -0.0243902
58 0
59 0.025
60 0
61 0
62 0
63 0
64 0.0121951
65 0
66 0
67 0
68 0.0120482
69 -0.0119048
70 0.0120482
71 -0.0119048
72 0.0120482
73 0
74 0.0119048
75 0
76 0
77 0
78 0
79 0
80 0.0117647
81 0
82 -0.0116279
83 0
84 0
85 0
86 0.0117647
87 -0.0116279
88 0
89 0
90 0
91 0.0117647
92 0
93 -0.0116279
94 0
95 0
96 0
97 0
98 0.0117647
99 0
100 0
101 0
102 0
103 0
104 0
105 0
106 -0.0116279
107 0
108 0
109 0
110 0.0117647
111 0.0232558
112 0
113 0
114 -0.0113636
115 0.0114943
116 0
117 0
118 0
119 0
120 0
121 0
122 0
123 -0.0113636
124 0
125 0.0114943
126 -0.0113636
127 0.0114943
128 -0.0113636
129 0.0114943
130 0
131 0
132 0
133 0
134 0.0113636
135 -0.011236
136 0
137 0
138 0
139 0
140 -0.0113636
141 0.0229885
142 -0.011236
143 -0.0113636
144 0.0114943
145 0
146 0
147 0
148 -0.0113636
149 0.0114943
150 -0.0113636
151 0.0114943
152 0
153 0.0113636
154 0
155 0
156 0
157 0
158 -0.011236
159 0
160 0
161 0
162 0.0113636
163 0
