0 0 -1 0 0 2 2 -0.5 -0 0 0 -0.666667 -0.5 3 0 0 0 -0.5 -3 -0.666667 -2 -0.25 1 -1 1 0 0 1 0 0 -0.5 -1 -2 -1 -0 0 0.5 -2 -2.5 -0.6 -0 0 1 0 0 -1 -1 -0.5 -1 3 -1.33333 -0.5 -0.5 -1 2 0 0 -1 -1 -1 0.5 0 0 0 0 -1 -1 0 0 0 -0 0 0 -0.5 -0 0 0 -0.666667 -0.5 -1 -3 -1 -0 0 0 1 -1 -0 0 0 0 0 0 0 0 -1 -0 0 -0.5 1 -0 0 0 -1 -0 0 0 0 0 0 -2 -1 1 -1 -0 0 0 0 -1 -0 0 -1 -0 0 0 -0.5 1 -0 0 0 -0.5 -1 -1 1 -1 0 0 0 0 0 -0.5 1 -1 -0 0 0 0 -1 -0 0 0 0 0 -1 -1 1 0 0 -0.5 -1 -0 0 0 
-1 -2 -1 -3 -0.166667 -1 -1 -1 -1 -4 0.25 -4 -1 -0.25 -6 -0.333333 1 -0 0 0 0 -0.5 0 0 1 -2 -0.5 2 -1 -0.5 2 -0.5 -1 0 0 -2 -0.5 -0.5 2 -1 -1.5 0 0 -1 1 -0 0 -0.5 -2 -1 -1 -1 -1 0 0 0 -1 -0 0 0 -1 -0.25 3 -0.666667 -0 0 0 -0.666667 -0.5 2 -0.5 1 -0 0 0 0 0 0 0 0 -1.5 -0 0 0 0 0 -1 -1 -1 0 0 0 -1 -1 -1 -1 -0 0 0 -0.5 1 -0 0 -1 -0 0 0 0 -1 -0 0 -1 -0.25 0 0 -0.333333 -0 0 -0 0 0 0 -0 0 0 -1 -1 -1 -1 -1 -0 0 0 0 -0.5 -0 0 -0 0 -0.5 -2 -1 -0 0 -1 -1 -1 -0 0 0 0 0 0 -1 -0 0 -0.5 -0 0 -1 -1 -0 0 
0.75 -0.333333 -1 5 -0.2 2 -1 -0.5 -0 0 0.5 -1 1 -1 0 0 0.4 0 0 0 0 -2 0 0 -0 0 -0.333333 -0 0 0 -0.5 -0 0 -1 0 0 -0.333333 1 -0 0 0 2 0 0 0.5 0 0 0 0 -1 0 0 -0.5 -1 -4 0 0 -0 0 -2 0 0 -2 0 0 0 -2 0.5 -1 -0 0 -2 0 0 0 -1 -0.5 -1 -2 -1.5 0 0 -1 0 0 -2 -0.5 1 -1 -1 -1 0 0 -0 0 0 0 0 0 -0 0 0 0 -0.5 1 -1 -1 -0 0 0 0 -1 -0 0 -1 -1.33333 0 0 -0 0 -0 0 0 0 0 0 0 -1 -0 0 0 -1 -1 -1 -0.5 -1 -0 0 -0.5 -0 0 0 0 0 0 0 0 -0 0 -1 -0 0 0 0 -1 -0 0 0 0 -1 -0 0 -0.5 
-0.111111 2 -2.5 -0.4 -2 -0.75 -0.333333 0 0 -0.5 1 -4 0 0 -3.5 0 0 -1.5 -1.66667 -0.8 -1 -0.5 -1 0 0 0 -1.5 0 0 -0 0 0 -1 -0 0 0 0 0 0 -1 -0.5 2 -0.5 -0 0 0 0.5 0 0 -1 2 -1 0.5 -3 -0.666667 -1 0 0 -0 0 0.333333 0 0 -0.5 0 0 0 0 -0.5 0 0 -1 1 1 -2 -0.5 -1 -3 -0.666667 -0.5 -1 -2 -1 -0 0 1 -1 -0 0 0 0 -1 -1 -0 0 0 0 0 -1 -1 -0 0 0 -1 -0 0 0 0 0 0 0 0 0 0 3 0 0 -0 0 -0.5 -0 0 -1 -1 -0 0 -1 -0 0 0 -1 -0 0 -1 -1 0 0 0 -2 -0.5 -1 -1 -0 0 -1 -0 0 -1 -0 0 0 0 0 -0 0 0 0 0 0 -1 -1 1 0 
0 -0.75 0.666667 0 0 0 0 0 0 -1 0.5 -1 -7 -0.142857 -0 0 -1 -0.666667 1 0.5 -2 -1 0 0 0 0 0.5 -0 0 1 -1 -4 0 0 -0 0 -1.5 0.666667 -2 -1.5 -0.166667 -2 -1.5 -0 0 -0.666667 -0 0 0 0 0 -0.5 1 -0 0 2 -0.5 -0 0 -3 -0.666667 -1 -0.5 -0 0 -1.5 -1 0 0 0 -2 0.5 -3 0 0 0 0 -1 0 0 -0 0 0 0 0 0 0 0 -0 0 0 0 0 -0.5 -1 -0 0 0 -1 -0 0 -1 -0 0 0 0 -0 0 0 0 0 0 -1 -0 0 0 0 -0 0 0 0 0 0 0 0 -1 -1 -1 -0 0 0 0 0 -0 0 -1 -0 0 0 0 0 0 0 0 0 0 0 -1 -0 0 0 0 0 0 0 -0 0 0 0 0 -0 0 0 
0.25 -2 -0.5 0 0 -0.666667 -1 0 0 0 -0.333333 -4 -0.5 1 -2.5 0.4 0.5 -1 -2 -1 -1.5 0.333333 0 0 0 -1.5 -0.333333 -0 0 -1 -0 0 0 0 0 0 -0 0 0.5 -1 -3 0 0 0 0 0 0 0 0 0 0 0 0 0 0 0 0 -0.5 -0 0 0 0 0 0 0 0 -2 -1 -0 0 0 0 0 -2 -0.5 -0 0 -2 -1 -0.5 0 0 0 0 0 0 0 0 -1 -0 0 0 0 0 0 -1 0 0 0 0 0 -0 0 0 0 0 0 0 0 0 0 0 0 -1 1 0 0 0 0 0 0 0 0 -0 0 -1 0 0 0 0 0 0 0 0 -0 0 0 0 0 -0 0 0 0 0 0 0 0 0 0 0 0 0 0 -1 -0 0 0 0 0 0 0 0 0 
-0 0 0.111111 0 0 -1 0 0 0 -0.333333 -3 1.33333 0 0 0 0 -2.5 0 0 -1 0 0 0 0 0 -1 -0 0 0 0 0 0 0 0 0 0 0 0 2 0.5 1 0 0 0 0 0 0 0 0 0 -1 -0 0 0 0 0 0 0 0 -0.5 -0 0 0 0 -0.5 -2 -0.5 -0 0 0 -0.5 -0 0 0 0 0 0 -1 0 0 -0 0 0 0 0 0 0 0 -0 0 0 0 0 0 0 0 0 0 0 0 0 0 0 0 -0 0 0 0 0 0 0 0 0 0 0 0 0 0 0 0 0 0 0 0 0 0 -1 -0 0 0 0 0 0 0 -1 -1 0 0 0 -0 0 0 0 0 0 0 0 0 0 0 0 0 0 0 0 0 0 -0 0 0 0 0 0 
0 0 0.2 0 0 0 0 0 0 0 0 2 0 0 -0 0 0.8 0 0 0 -1 -0 0 0 0 0 0 0 0 0 0 0 0 0 0 0 0 0 0 0 0 0 0 0 0 0 0 0 0 0 0 0 0 0 0 0 0 0 0 -0.5 -1 0 0 0 -0.333333 2 -0 0 0 0 0 0 0 0 -1 -0 0 0 -1 -0 0 0 0 0 0 0 0 0 0 0 0 0 0 0 0 0 0 0 0 0 0 0 0 0 0 0 0 0 0 0 0 0 0 0 0 0 0 0 0 0 0 0 0 0 0 0 0 0 0 0 0 0 0 0 0 0 0 0 0 0 0 0 0 0 0 0 0 0 0 0 0 0 0 0 0 0 0 0 0 0 0 0 0 
-0 0 0 0 0 0 0 0 0 -0.333333 -0 0 0 0 0 0 0 0 0 0 0 0 0 0 0 0 0 0 0 0 0 0 0 0 0 0 0 0 0 0 0 0 0 0 0 0 0 0 0 0 0 0 0 0 0 0 0 0 0 0 0 0 0 0 0 0 0 0 0 0 0 0 0 0 0 0 0 0 0 0 0 0 0 0 0 0 0 0 0 0 0 0 0 0 0 0 0 0 0 0 0 0 0 0 0 0 0 0 0 0 0 0 0 0 0 0 0 0 0 0 0 0 0 0 0 0 0 0 0 0 0 0 0 0 0 0 0 0 0 0 0 0 0 0 0 0 0 0 0 0 0 0 0 0 0 0 0 0 0 0 0 0 0 
0 0 0 0 0 0 0 0 0 0 0 0 0 0 0 0 0 0 0 0 0 0 0 0 0 0 0 0 0 0 0 0 0 0 0 0 0 0 0 0 0 0 0 0 0 0 0 0 0 0 0 0 0 0 0 0 0 0 0 0 0 0 0 0 0 0 0 0 0 0 0 0 0 0 0 0 0 0 0 0 0 0 0 0 0 0 0 0 0 0 0 0 0 0 0 0 0 0 0 0 0 0 0 0 0 0 0 0 0 0 0 0 0 0 0 0 0 0 0 0 0 0 0 0 0 0 0 0 0 0 0 0 0 0 0 0 0 0 0 0 0 0 0 0 0 0 0 0 0 0 0 0 0 0 0 0 0 0 0 0 0 0 0 
