0 4.05578e-320
1 110
2 110
3 110
4 112
5 114
6 118
7 118
8 118
9 122
10 122
11 122
12 124
13 126
14 132
15 132
16 132
17 136
18 136
19 138
20 138
21 140
22 140
23 140
24 140
25 140
26 142
27 142
28 142
29 142
30 144
31 144
32 144
33 144
34 146
35 146
36 146
37 146
38 148
39 148
40 150
41 152
42 154
43 154
44 156
45 156
46 156
47 156
48 156
49 156
50 156
51 156
52 160
53 160
54 160
55 160
56 160
57 160
58 164
59 164
60 164
61 164
62 164
63 164
64 164
65 164
66 166
67 166
68 166
69 166
70 168
71 168
72 168
73 168
74 168
75 168
76 170
77 170
78 170
79 170
80 170
81 170
82 172
83 172
84 172
85 172
86 172
87 172
88 172
89 172
90 172
91 172
92 172
93 172
94 172
95 172
96 172
97 172
98 172
99 172
100 172
101 172
102 172
103 172
104 172
105 172
106 172
107 172
108 172
109 172
110 172
111 172
112 172
113 176
114 176
115 176
116 176
117 176
118 176
119 176
120 176
121 176
122 176
123 176
124 176
125 176
126 176
127 176
128 176
129 176
130 176
131 176
132 176
133 176
134 176
135 176
136 178
137 178
138 178
139 178
140 178
141 178
142 178
143 178
144 178
145 178
146 178
147 178
148 178
149 178
150 178
151 178
152 178
153 178
154 178
155 178
156 178
157 178
158 178
159 178
160 178
161 178
162 178
163 178
164 178
165 178
