0 0
1 0
2 2
3 2
4 4
5 0
6 0
7 4
8 0
9 2
10 4
11 2
12 6
13 0
14 0
15 4
16 0
17 2
18 0
19 2
20 0
21 0
22 0
23 0
24 2
25 0
26 0
27 0
28 2
29 0
30 0
31 0
32 2
33 0
34 0
35 0
36 4
37 0
38 4
39 2
40 2
41 0
42 4
43 0
44 0
45 2
46 0
47 0
48 0
49 0
50 4
51 0
52 0
53 0
54 4
55 0
56 4
57 0
58 0
59 4
60 0
61 0
62 0
63 0
64 2
65 0
66 0
67 0
68 2
69 0
70 2
71 0
72 2
73 0
74 2
75 0
76 0
77 0
78 0
79 0
80 2
81 0
82 0
83 0
84 0
85 0
86 2
87 0
88 0
89 0
90 0
91 2
92 0
93 0
94 0
95 0
96 0
97 0
98 2
99 0
100 0
101 0
102 0
103 0
104 0
105 0
106 0
107 0
108 0
109 0
110 2
111 4
112 0
113 0
114 0
115 2
116 0
117 0
118 0
119 0
120 0
121 0
122 0
123 0
124 0
125 2
126 0
127 2
128 0
129 2
130 0
131 0
132 0
133 0
134 2
135 0
136 0
137 0
138 0
139 0
140 0
141 4
142 0
143 0
144 2
145 0
146 0
147 0
148 0
149 2
150 0
151 2
152 0
153 2
154 0
155 0
156 0
157 0
158 0
159 0
160 0
161 0
162 2
163 0
