0 0
1 -1.5
2 -0.581139
3 -0.44225
4 -0.367782
5 -0.35096
6 -0.284898
7 -0.239698
8 -0.2375
9 -0.208544
10 -0.185868
11 -0.176904
12 -0.168807
13 -0.17346
14 -0.160129
15 -0.148698
16 -0.147203
17 -0.137973
18 -0.13323
19 -0.125795
20 -0.122018
21 -0.115884
22 -0.110336
23 -0.105295
24 -0.100694
25 -0.0986202
26 -0.0946531
27 -0.0909927
28 -0.0876046
29 -0.0862007
30 -0.0832111
31 -0.0804217
32 -0.0778133
33 -0.0768181
34 -0.0744767
35 -0.0722737
36 -0.0701972
37 -0.0694662
38 -0.0675777
39 -0.0669054
40 -0.0662243
41 -0.0655384
42 -0.0639292
43 -0.0632959
44 -0.0618138
45 -0.0603995
46 -0.0590484
47 -0.0577565
48 -0.0565199
49 -0.0553351
50 -0.0541989
51 -0.0545341
52 -0.0534578
53 -0.0524232
54 -0.0514278
55 -0.0504696
56 -0.0495464
57 -0.0498443
58 -0.0489643
59 -0.0481147
60 -0.0472941
61 -0.0465011
62 -0.0457341
63 -0.0449921
64 -0.0442738
65 -0.0440722
66 -0.0433901
67 -0.0427289
68 -0.0420875
69 -0.0419157
70 -0.0413047
71 -0.0407113
72 -0.0401347
73 -0.0395741
74 -0.039029
75 -0.0389002
76 -0.0383787
77 -0.0378709
78 -0.0373765
79 -0.0368947
80 -0.0364252
81 -0.0363279
82 -0.035877
83 -0.0354372
84 -0.035008
85 -0.0345891
86 -0.0341801
87 -0.0337807
88 -0.0333905
89 -0.0330092
90 -0.0326365
91 -0.0322721
92 -0.0319158
93 -0.0315673
94 -0.0312263
95 -0.0308925
96 -0.0305659
97 -0.030246
98 -0.0299328
99 -0.029626
100 -0.0293255
101 -0.029031
102 -0.0287423
103 -0.0284593
104 -0.0281818
105 -0.0279097
106 -0.0276428
107 -0.027381
108 -0.027124
109 -0.0268719
110 -0.0266244
111 -0.0263814
112 -0.0266383
113 -0.0263994
114 -0.0261649
115 -0.0259344
116 -0.025708
117 -0.0254855
118 -0.0252668
119 -0.0250518
120 -0.0248405
121 -0.0246327
122 -0.0244283
123 -0.0242274
124 -0.0240296
125 -0.0238351
126 -0.0236437
127 -0.0234554
128 -0.02327
129 -0.0230876
130 -0.022908
131 -0.0227311
132 -0.022557
133 -0.0223855
134 -0.0222166
135 -0.0222469
136 -0.0220815
137 -0.0219186
138 -0.0217581
139 -0.0215999
140 -0.0214439
141 -0.0212902
142 -0.0211387
143 -0.0209894
144 -0.0208421
145 -0.0206969
146 -0.0205537
147 -0.0204124
148 -0.0202731
149 -0.0201357
150 -0.0200001
151 -0.0198664
152 -0.0197344
153 -0.0196042
154 -0.0194756
155 -0.0193488
156 -0.0192236
157 -0.0191
158 -0.0189779
159 -0.0188574
160 -0.0187385
161 -0.018621
162 -0.018505
163 -0.0183905
164 -0.0182773
