0 0.59
1 0.6
2 0.51
3 0.61
4 0.59
5 0.56
6 0.59
7 0.58
8 0.56
9 0.56
10 0.57
11 0.57
12 0.57
13 0.57
14 0.58
15 0.56
16 0.57
17 0.55
18 0.53
19 0.56
20 0.51
21 0.54
22 0.57
23 0.54
24 0.56
25 0.53
26 0.54
27 0.56
28 0.56
29 0.56
30 0.55
31 0.55
32 0.56
33 0.56
34 0.52
35 0.56
36 0.53
37 0.53
38 0.54
39 0.53
40 0.52
41 0.53
42 0.52
43 0.53
44 0.54
45 0.52
46 0.52
47 0.52
48 0.52
49 0.53
50 0.54
51 0.52
52 0.53
53 0.52
54 0.54
55 0.54
56 0.52
57 0.52
58 0.55
59 0.54
60 0.56
61 0.55
62 0.55
63 0.54
64 0.54
65 0.57
66 0.55
67 0.53
68 0.52
69 0.56
70 0.53
71 0.55
72 0.57
73 0.55
74 0.53
75 0.53
76 0.55
77 0.55
78 0.54
79 0.56
80 0.53
81 0.54
82 0.53
83 0.55
84 0.55
85 0.55
86 0.54
87 0.52
88 0.54
89 0.51
90 0.51
91 0.54
92 0.53
93 0.52
94 0.54
95 0.54
96 0.54
97 0.54
98 0.52
99 0.52
100 0.52
101 0.54
102 0.52
103 0.52
104 0.54
105 0.54
106 0.53
107 0.52
108 0.54
109 0.54
110 0.54
111 0.53
112 0.55
113 0.52
114 0.54
115 0.52
116 0.53
117 0.53
118 0.51
119 0.53
120 0.54
121 0.54
122 0.54
123 0.53
124 0.55
125 0.51
126 0.51
127 0.52
128 0.52
129 0.53
130 0.55
131 0.51
132 0.55
133 0.54
134 0.53
135 0.53
136 0.51
137 0.53
138 0.55
139 0.53
140 0.55
141 0.55
142 0.55
143 0.55
144 0.53
145 0.53
146 0.53
147 0.55
148 0.55
149 0.55
150 0.55
151 0.55
152 0.55
153 0.53
154 0.53
155 0.55
156 0.55
157 0.55
158 0.55
159 0.53
160 0.55
161 0.55
162 0.55
163 0.53
