8 8 6 8 8 10 14 22 18 18 18 24 20 22 28 28 28 32 30 36 32 40 38 36 38 40 40 42 44 44 40 42 40 44 40 40 44 46 42 52 46 46 48 50 50 54 50 54 52 54 60 52 56 54 56 60 60 56 60 56 60 62 62 64 64 66 64 66 66 66 62 62 62 66 64 64 64 70 66 68 66 72 66 66 66 68 70 68 68 68 68 68 68 68 68 70 68 68 72 70 68 68 68 70 68 68 68 68 70 70 72 68 72 76 72 72 72 72 76 72 72 74 72 72 72 76 74 72 72 72 76 74 76 74 72 74 74 74 76 76 72 74 76 74 74 74 74 76 74 74 74 74 74 76 74 76 78 78 74 76 74 74 74 74 
8 6 10 6 18 16 18 16 18 16 24 26 18 26 24 36 32 28 28 38 38 34 36 36 38 40 36 38 42 38 40 44 42 44 44 40 48 44 46 50 46 52 52 54 52 50 50 54 52 56 52 56 52 56 56 56 58 56 56 56 64 56 58 64 60 60 60 66 62 64 68 66 64 64 64 64 64 64 68 68 72 66 66 66 70 70 68 70 68 70 70 70 68 70 68 70 68 68 68 72 70 68 68 70 68 68 68 68 70 68 68 76 68 70 70 76 74 74 72 72 74 74 72 72 72 74 72 74 72 74 72 72 74 74 78 76 76 72 72 76 74 78 74 74 76 74 76 74 74 74 74 74 74 76 74 74 78 76 76 74 76 74 74 74 
2 8 6 8 18 16 12 16 14 14 22 26 22 18 22 22 32 36 36 38 38 36 40 40 36 36 42 40 40 40 44 42 42 40 42 42 48 46 44 44 44 46 50 50 54 56 56 56 56 52 56 56 52 54 52 60 60 58 58 56 60 60 56 64 64 64 62 66 68 66 66 64 68 68 68 64 68 66 68 64 70 70 66 70 70 68 72 70 68 70 68 70 70 68 68 68 70 70 70 68 68 68 68 72 70 68 70 68 68 68 68 70 68 68 74 68 76 76 74 74 72 72 72 72 72 72 72 74 72 72 72 76 72 76 72 74 72 72 76 74 74 74 74 74 74 76 76 74 74 76 74 74 74 74 76 74 74 74 74 76 74 74 78 76 
10 8 4 14 10 18 12 14 14 18 16 14 22 22 18 32 32 36 30 40 32 40 36 40 40 40 36 42 42 40 40 40 42 40 40 44 44 46 46 50 46 48 52 50 50 50 54 56 56 54 56 60 56 54 60 56 60 60 56 56 62 64 64 60 62 62 66 66 62 64 64 62 64 66 68 64 66 64 70 66 68 66 70 66 66 68 70 68 68 70 70 68 70 68 68 68 70 70 68 70 68 68 68 72 68 68 68 68 68 68 68 68 68 68 70 76 76 72 72 76 74 74 72 74 72 72 74 72 72 72 74 72 72 74 72 74 74 74 72 76 74 76 74 74 76 74 74 76 74 74 74 76 76 74 74 74 74 74 74 76 74 76 78 78 
10 2 8 12 12 12 18 18 18 14 18 20 18 32 30 30 36 30 34 38 40 36 40 40 42 42 38 36 36 38 40 38 46 46 44 44 40 46 50 42 54 52 56 50 50 56 52 52 52 52 52 56 54 52 52 56 64 60 60 58 64 60 64 62 62 66 60 66 66 66 68 64 62 68 68 68 68 64 68 68 66 66 68 68 68 68 70 70 68 68 68 72 72 68 70 68 68 68 70 68 68 72 68 68 72 72 68 68 68 68 68 68 76 68 68 74 74 72 72 72 74 74 74 74 74 76 74 76 74 74 74 74 74 72 72 74 72 72 72 74 74 74 74 74 74 74 74 76 74 74 74 74 74 76 76 74 74 76 76 76 74 74 74 74 
8 10 6 8 8 14 10 14 14 14 20 18 26 22 18 28 32 34 32 36 32 38 40 40 40 36 42 40 40 42 40 40 42 42 42 42 40 40 44 46 44 50 50 50 50 52 52 52 52 52 52 54 54 54 56 56 56 60 58 58 60 60 60 60 64 64 62 66 62 62 66 66 66 64 68 66 66 64 68 64 66 66 68 68 68 68 68 68 70 68 68 68 68 70 70 68 70 70 70 70 70 68 68 68 70 70 70 70 70 70 70 70 70 68 70 72 72 72 76 76 76 76 76 74 74 72 74 74 74 76 76 76 76 76 72 72 76 76 76 74 74 74 74 74 74 74 74 74 74 74 74 74 74 76 74 74 74 74 76 76 76 76 76 76 
-6 -6 12 14 14 10 14 14 14 20 18 24 32 32 32 32 28 38 38 36 38 38 38 38 38 40 38 38 38 38 38 38 40 40 40 40 40 40 42 46 48 50 50 50 50 50 52 52 52 52 54 52 52 52 56 56 56 56 56 64 60 60 60 60 64 62 66 64 64 64 68 66 66 68 68 68 68 66 68 68 66 66 70 70 70 70 70 70 68 68 68 68 68 68 68 68 70 70 70 72 72 72 72 72 68 68 68 68 68 68 68 68 68 68 68 68 68 68 72 72 72 72 72 72 72 72 74 72 72 72 72 72 72 72 76 72 76 76 76 74 74 74 74 74 74 74 74 74 74 74 74 74 74 78 78 78 78 74 74 74 74 74 74 74 
-4 -4 6 8 8 8 8 8 8 16 16 20 28 28 18 18 28 36 36 36 40 36 36 36 36 36 36 36 36 36 36 36 42 42 42 42 42 42 44 44 44 44 44 44 44 52 52 52 52 52 52 56 56 56 56 56 56 56 56 60 58 60 60 60 66 64 60 60 60 60 66 66 66 66 70 66 66 66 68 66 66 66 68 68 68 68 68 68 68 68 68 68 68 68 68 68 68 68 68 68 68 68 68 68 68 68 68 68 68 68 68 68 68 68 68 70 70 70 70 70 70 70 70 70 70 70 72 72 72 72 72 72 72 72 72 72 72 72 72 74 74 74 74 74 74 74 74 74 74 74 74 74 74 74 74 74 74 74 74 74 74 74 78 78 
-4 -4 10 10 10 10 10 10 10 16 14 14 18 18 22 22 22 22 22 22 36 36 36 36 36 36 36 36 36 36 36 36 36 36 36 36 36 36 36 36 36 36 36 36 36 54 54 54 54 54 54 54 54 54 54 54 54 54 54 54 54 62 62 62 62 62 62 62 62 62 64 64 64 64 70 70 70 70 70 70 70 70 70 70 70 70 70 70 70 70 70 70 70 70 70 70 70 70 70 70 70 70 70 70 70 70 70 70 70 70 70 70 70 70 70 70 70 70 70 70 70 70 70 70 70 70 70 70 70 70 70 70 70 70 70 70 70 70 70 70 70 70 70 70 70 70 70 70 70 70 70 70 70 70 70 70 70 70 70 70 70 70 70 70 
6 6 10 10 10 10 10 10 10 10 10 10 10 10 10 10 10 10 10 10 10 10 10 10 10 10 10 10 10 10 10 10 10 10 10 10 10 10 10 10 10 10 10 10 10 10 10 10 10 10 10 10 10 10 10 10 10 10 10 10 10 10 10 10 10 10 10 10 10 10 10 10 10 10 68 68 68 68 68 68 68 68 68 68 68 68 68 68 68 68 68 68 68 68 68 68 68 68 68 68 68 68 68 68 68 68 68 68 68 68 68 68 68 68 68 68 68 68 68 68 68 68 68 68 68 68 68 68 68 68 68 68 68 68 68 68 68 68 68 68 68 68 68 68 68 68 68 68 68 68 68 68 68 68 68 68 68 68 68 68 68 68 68 68 
