0 -0.1
1 -0.1
2 -0.12
3 -0.14
4 -0.18
5 -0.18
6 -0.18
7 -0.22
8 -0.18
9 -0.2
10 -0.24
11 -0.26
12 -0.32
13 -0.32
14 -0.32
15 -0.36
16 -0.36
17 -0.38
18 -0.38
19 -0.4
20 -0.4
21 -0.4
22 -0.4
23 -0.4
24 -0.42
25 -0.42
26 -0.42
27 -0.42
28 -0.44
29 -0.44
30 -0.44
31 -0.44
32 -0.46
33 -0.46
34 -0.44
35 -0.44
36 -0.48
37 -0.46
38 -0.5
39 -0.52
40 -0.54
41 -0.52
42 -0.56
43 -0.54
44 -0.54
45 -0.56
46 -0.56
47 -0.56
48 -0.56
49 -0.56
50 -0.6
51 -0.6
52 -0.56
53 -0.56
54 -0.6
55 -0.6
56 -0.64
57 -0.6
58 -0.6
59 -0.64
60 -0.64
61 -0.64
62 -0.64
63 -0.64
64 -0.66
65 -0.66
66 -0.66
67 -0.66
68 -0.68
69 -0.66
70 -0.68
71 -0.66
72 -0.68
73 -0.68
74 -0.7
75 -0.7
76 -0.7
77 -0.7
78 -0.7
79 -0.7
80 -0.72
81 -0.72
82 -0.7
83 -0.7
84 -0.7
85 -0.7
86 -0.72
87 -0.7
88 -0.7
89 -0.7
90 -0.7
91 -0.72
92 -0.72
93 -0.7
94 -0.7
95 -0.7
96 -0.7
97 -0.7
98 -0.72
99 -0.72
100 -0.72
101 -0.72
102 -0.72
103 -0.72
104 -0.72
105 -0.72
106 -0.7
107 -0.7
108 -0.7
109 -0.7
110 -0.72
111 -0.76
112 -0.76
113 -0.76
114 -0.74
115 -0.76
116 -0.76
117 -0.76
118 -0.76
119 -0.76
120 -0.76
121 -0.76
122 -0.76
123 -0.74
124 -0.74
125 -0.76
126 -0.74
127 -0.76
128 -0.74
129 -0.76
130 -0.76
131 -0.76
132 -0.76
133 -0.76
134 -0.78
135 -0.76
136 -0.76
137 -0.76
138 -0.76
139 -0.76
140 -0.74
141 -0.78
142 -0.76
143 -0.74
144 -0.76
145 -0.76
146 -0.76
147 -0.76
148 -0.74
149 -0.76
150 -0.74
151 -0.76
152 -0.76
153 -0.78
154 -0.78
155 -0.78
156 -0.78
157 -0.78
158 -0.76
159 -0.76
160 -0.76
161 -0.76
162 -0.78
163 -0.78
