36 36 37 35 29 37 34 35 36 31 
30 31 33 29 29 30 35 35 35 28 
30 35 31 31 35 29 35 35 35 28 
30 30 28 29 30 28 31 30 29 30 
29 30 28 29 30 28 30 30 30 30 
29 30 28 29 30 28 29 30 29 30 
28 28 28 29 29 29 29 30 29 29 
28 29 29 29 29 29 29 27 29 30 
28 29 29 27 28 30 28 29 28 30 
28 29 29 27 28 30 28 29 28 27 
27 29 28 27 28 29 27 27 29 27 
28 28 28 30 28 26 29 29 28 29 
28 28 29 27 28 28 27 29 28 27 
27 29 29 29 27 26 28 28 27 27 
28 27 27 28 28 26 28 28 27 29 
26 27 27 29 28 27 28 28 27 28 
26 27 27 29 28 27 28 28 28 28 
29 28 28 27 27 28 28 28 28 28 
28 27 28 28 27 27 28 28 27 28 
27 26 28 28 27 27 28 27 27 27 
27 26 27 26 27 27 27 28 27 27 
27 28 29 28 29 27 26 27 27 27 
27 27 27 27 26 27 26 27 27 28 
26 27 27 27 26 27 26 27 27 27 
26 27 27 27 27 26 27 27 27 27 
26 27 27 27 27 26 27 28 27 28 
26 27 27 28 28 28 26 27 26 26 
27 26 27 27 27 27 28 27 26 26 
26 26 28 27 27 27 28 28 26 27 
26 26 28 27 27 27 28 28 26 27 
27 26 28 27 27 27 28 28 28 28 
27 27 27 27 28 28 27 28 28 28 
28 28 27 27 28 28 27 27 27 27 
28 28 27 27 27 28 26 28 27 27 
27 26 27 27 27 28 26 28 27 27 
27 26 27 27 27 27 28 27 26 27 
27 27 26 27 27 27 28 27 26 27 
27 27 26 27 26 26 27 27 27 27 
27 26 27 26 26 26 27 27 27 26 
26 27 27 26 25 27 27 27 25 27 
26 27 25 26 27 26 27 26 25 27 
27 26 26 25 27 26 27 26 25 27 
25 26 25 25 27 26 27 25 25 26 
25 26 25 26 25 26 26 25 25 26 
26 26 26 26 25 26 26 25 26 26 
26 26 26 25 25 25 26 25 26 26 
25 26 25 26 25 25 25 25 25 25 
26 26 25 26 25 26 25 25 25 26 
26 26 25 25 26 25 25 25 26 26 
26 25 25 25 26 25 25 25 26 25 
26 25 25 25 26 25 25 25 26 25 
25 26 25 25 26 25 25 26 25 25 
26 25 25 25 26 25 25 25 25 25 
26 25 25 26 26 25 26 25 25 25 
25 25 25 26 26 25 26 26 25 25 
25 25 25 25 26 25 26 25 25 25 
25 25 25 25 26 25 26 25 25 25 
25 25 25 25 25 25 25 25 24 25 
25 26 25 25 25 25 25 25 24 25 
26 26 25 25 25 25 25 26 26 25 
26 25 25 25 25 25 25 25 25 25 
25 23 25 25 25 25 25 25 25 25 
23 25 25 25 25 25 25 25 25 25 
25 25 25 25 25 25 25 25 25 25 
25 25 25 25 25 25 25 25 25 25 
24 25 25 25 25 24 25 25 25 25 
23 23 25 24 25 24 25 25 23 25 
23 25 25 24 25 25 25 23 25 23 
23 25 24 25 23 23 23 24 25 23 
23 23 23 24 25 23 23 24 25 22 
23 23 23 24 25 24 23 22 22 24 
23 24 22 23 22 22 23 22 23 23 
24 23 23 23 23 23 23 22 23 23 
23 23 23 23 23 23 23 23 22 22 
23 23 23 22 23 22 23 23 22 22 
23 23 22 23 22 23 22 22 22 23 
23 23 22 22 22 23 24 22 22 23 
22 22 22 22 22 23 24 23 23 22 
22 22 21 23 22 23 23 23 22 22 
21 22 22 22 23 22 22 22 22 22 
23 22 22 23 22 21 22 22 22 21 
22 22 22 23 22 21 22 21 21 22 
22 22 22 21 22 22 22 21 21 22 
21 21 23 21 23 22 22 23 22 22 
21 21 23 21 23 22 22 21 21 21 
23 22 21 22 23 22 22 21 21 21 
23 22 21 22 21 21 21 21 21 21 
21 20 21 21 21 21 21 21 21 21 
21 20 21 21 21 21 20 21 21 21 
21 21 21 21 21 21 21 21 21 21 
21 21 21 21 21 21 21 21 21 21 
21 21 21 21 20 21 21 21 21 21 
20 21 21 21 20 21 21 21 21 21 
20 21 21 21 21 21 21 21 21 21 
21 21 21 21 21 21 21 21 21 21 
21 21 21 21 21 21 21 21 21 21 
21 21 21 21 21 21 21 21 21 21 
21 21 21 21 21 21 20 21 20 21 
20 21 21 21 21 21 20 21 20 21 
20 21 21 20 21 20 20 21 20 21 
22 20 20 20 21 20 20 20 21 21 
22 20 20 21 21 21 21 21 21 21 
21 21 21 20 21 21 21 21 21 21 
21 21 21 20 21 21 21 21 21 21 
21 21 21 21 20 21 21 21 21 21 
21 21 21 21 20 21 21 21 21 20 
21 21 21 21 21 21 21 21 21 20 
21 21 21 21 21 21 22 21 21 21 
21 21 21 21 21 21 21 21 21 21 
21 21 21 21 21 21 21 21 20 21 
21 21 21 21 21 21 21 21 20 21 
21 21 21 20 21 21 21 21 20 21 
21 21 21 20 21 21 21 20 21 21 
21 21 20 21 21 21 20 20 21 21 
21 21 21 21 21 21 20 20 20 21 
21 21 21 21 21 21 21 21 21 20 
20 20 21 19 20 20 21 20 21 20 
20 20 21 19 20 20 21 20 21 21 
20 20 21 21 20 18 20 21 21 21 
20 20 20 20 21 18 20 21 20 21 
20 20 20 20 21 21 20 20 19 21 
21 21 21 21 21 19 20 20 19 21 
21 21 21 21 21 19 20 21 20 21 
21 21 20 20 21 19 20 21 20 20 
21 21 20 20 20 20 20 20 21 18 
21 20 20 20 20 20 20 20 21 18 
21 20 20 20 20 20 20 20 20 20 
21 20 20 20 20 20 18 20 20 20 
18 20 21 18 20 20 18 20 20 20 
20 21 21 18 20 20 21 21 21 20 
20 21 20 20 20 20 20 20 21 20 
20 18 21 20 20 20 20 20 18 20 
20 18 21 21 21 20 21 20 18 20 
20 18 21 21 21 20 21 18 20 21 
21 21 19 20 21 20 21 18 20 21 
20 18 21 20 21 21 19 21 21 21 
20 18 21 20 20 20 21 21 21 21 
20 20 20 21 20 21 19 20 21 21 
20 20 20 21 20 21 19 20 20 20 
20 20 20 20 21 20 20 20 20 20 
20 18 20 20 20 20 20 20 18 20 
20 18 20 20 20 20 19 20 20 20 
20 18 20 18 20 20 19 20 20 20 
20 18 20 18 20 20 20 20 20 20 
20 20 20 20 20 20 20 20 20 20 
20 20 20 20 20 20 18 20 20 20 
20 20 20 20 20 20 20 20 20 20 
20 20 20 20 20 20 20 20 20 20 
20 20 20 20 18 20 20 20 20 20 
20 20 20 20 18 20 20 20 20 20 
20 20 20 20 18 20 20 20 20 20 
20 20 20 20 20 20 20 20 20 20 
20 20 20 20 20 20 20 20 20 20 
20 20 20 20 20 18 20 20 20 20 
20 20 18 20 18 18 20 20 18 20 
20 20 18 20 18 20 20 18 20 20 
20 20 20 20 20 20 20 18 20 20 
20 20 20 20 20 20 20 18 18 20 
20 18 20 20 20 19 20 20 18 20 
20 20 20 18 20 19 20 20 20 20 
20 20 20 18 20 20 20 20 20 20 
20 20 20 20 20 20 20 20 20 20 
20 20 20 20 20 20 20 18 20 20 
18 18 20 20 20 18 20 18 20 20 
18 18 20 20 20 18 20 20 20 19 
