0 0
1 -1
2 -1
3 0
4 0
5 0
6 1
7 1
8 2
9 2
10 2
11 3
12 2
13 2
14 3
15 3
16 3
17 4
18 4
19 3
20 3
21 4
22 4
23 5
24 5
25 6
26 6
27 6
28 7
29 6
30 6
31 7
32 8
33 9
34 10
35 9
36 10
37 11
38 11
39 12
40 11
41 12
42 13
43 12
44 13
45 13
46 14
47 14
48 13
49 14
50 14
51 15
52 14
53 15
54 15
55 15
56 14
57 15
58 14
59 15
60 15
61 15
62 16
63 16
64 17
65 17
66 17
67 18
68 18
69 17
70 18
71 18
72 17
73 17
74 18
75 19
76 19
77 20
78 20
79 21
80 21
81 20
82 20
83 21
84 21
85 22
86 21
87 21
88 20
89 21
90 21
91 21
92 22
93 21
94 21
95 21
96 22
97 22
98 22
99 23
100 22
101 23
102 22
103 23
104 23
105 23
106 23
107 23
108 23
109 24
110 23
111 23
112 23
113 23
114 24
115 23
116 23
117 24
118 24
119 24
120 24
121 24
122 23
123 24
124 24
125 24
126 24
127 23
128 24
129 24
130 24
131 24
132 24
133 24
134 24
135 24
136 24
137 24
138 24
139 24
140 24
141 24
142 24
143 24
144 24
145 24
146 24
147 24
148 24
