0 1.08
1 1.08
2 1.12
3 1.12
4 1.12
5 1.14
6 1.14
7 1.18
8 1.18
9 1.18
10 1.22
11 1.2
12 1.2
13 1.22
14 1.22
15 1.22
16 1.24
17 1.24
18 1.22
19 1.22
20 1.24
21 1.24
22 1.26
23 1.26
24 1.28
25 1.28
26 1.28
27 1.3
28 1.28
29 1.28
30 1.3
31 1.32
32 1.34
33 1.36
34 1.34
35 1.36
36 1.38
37 1.38
38 1.4
39 1.36
40 1.38
41 1.4
42 1.38
43 1.4
44 1.4
45 1.42
46 1.42
47 1.4
48 1.44
49 1.44
50 1.46
51 1.44
52 1.46
53 1.46
54 1.46
55 1.44
56 1.46
57 1.44
58 1.48
59 1.48
60 1.48
61 1.5
62 1.5
63 1.52
64 1.52
65 1.52
66 1.54
67 1.54
68 1.52
69 1.56
70 1.56
71 1.54
72 1.54
73 1.56
74 1.58
75 1.58
76 1.6
77 1.6
78 1.62
79 1.62
80 1.6
81 1.6
82 1.62
83 1.62
84 1.64
85 1.62
86 1.62
87 1.6
88 1.62
89 1.62
90 1.62
91 1.64
92 1.62
93 1.62
94 1.62
95 1.64
96 1.64
97 1.64
98 1.68
99 1.64
100 1.68
101 1.66
102 1.68
103 1.68
104 1.68
105 1.68
106 1.68
107 1.68
108 1.7
109 1.68
110 1.68
111 1.68
112 1.68
113 1.7
114 1.68
115 1.68
116 1.7
117 1.7
118 1.7
119 1.7
120 1.7
121 1.68
122 1.7
123 1.7
124 1.7
125 1.7
126 1.68
127 1.7
128 1.7
129 1.7
130 1.7
131 1.7
132 1.7
133 1.7
134 1.7
135 1.7
136 1.7
137 1.7
138 1.7
139 1.7
140 1.7
141 1.7
142 1.7
143 1.7
144 1.7
145 1.7
146 1.7
147 1.7
