0 -0.0689655
1 0
2 0.037037
3 0
4 0
5 0.0178571
6 0
7 0.0350877
8 0
9 0
10 0.0338983
11 -0.0163934
12 0
13 0.0166667
14 0
15 0
16 0.0163934
17 0
18 -0.016129
19 0
20 0.0163934
21 0
22 0.016129
23 0
24 0.015873
25 0
26 0
27 0.015625
28 -0.0153846
29 0
30 0.015625
31 0.0153846
32 0.0151515
33 0.0149254
34 -0.0147059
35 0.0149254
36 0.0147059
37 0
38 0.0144928
39 -0.0285714
40 0.0147059
41 0.0144928
42 -0.0142857
43 0.0144928
44 0
45 0.0142857
46 0
47 -0.0140845
48 0.0285714
49 0
50 0.0138889
51 -0.0136986
52 0.0138889
53 0
54 0
55 -0.0136986
56 0.0138889
57 -0.0136986
58 0.0277778
59 0
60 0
61 0.0135135
62 0
63 0.0133333
64 0
65 0
66 0.0131579
67 0
68 -0.012987
69 0.0263158
70 0
71 -0.0128205
72 0
73 0.012987
74 0.0128205
75 0
76 0.0126582
77 0
78 0.0125
79 0
80 -0.0123457
81 0
82 0.0125
83 0
84 0.0123457
85 -0.0121951
86 0
87 -0.0123457
88 0.0125
89 0
90 0
91 0.0123457
92 -0.0121951
93 0
94 0
95 0.0123457
96 0
97 0
98 0.0243902
99 -0.0238095
100 0.0243902
101 -0.0119048
102 0.0120482
103 0
104 0
105 0
106 0
107 0
108 0.0119048
109 -0.0117647
110 0
111 0
112 0
113 0.0119048
114 -0.0117647
115 0
116 0.0119048
117 0
118 0
119 0
120 0
121 -0.0117647
122 0.0119048
123 0
124 0
125 0
126 -0.0117647
127 0.0119048
128 0
129 0
130 0
131 0
132 0
133 0
134 0
135 0
136 0
137 0
138 0
139 0
140 0
141 0
142 0
143 0
144 0
145 0
146 0
147 0
