0 102
1 100
2 106
3 116
4 102
5 98
6 96
7 98
8 98
9 90
10 96
11 108
12 108
13 94
14 88
15 104
16 94
17 106
18 92
19 100
20 100
21 108
22 100
23 108
24 104
25 106
26 108
27 106
28 100
29 100
30 106
31 110
32 108
33 104
34 104
35 110
36 104
37 106
38 112
39 110
40 108
41 108
42 106
43 110
44 110
45 112
46 110
47 110
48 106
49 110
50 112
51 108
52 108
53 110
54 108
55 110
56 108
57 114
58 112
59 110
60 104
61 110
62 108
63 110
64 108
65 110
66 112
67 114
68 106
69 114
70 112
71 110
72 110
73 110
74 116
75 110
76 112
77 118
78 112
79 116
80 116
81 116
82 112
83 114
84 114
85 114
86 118
87 118
88 114
89 116
90 116
91 116
92 116
93 118
94 116
95 116
96 114
97 116
98 118
99 116
100 120
101 118
102 118
103 122
104 116
105 118
106 118
107 120
108 118
109 118
110 114
111 118
112 118
113 118
114 118
115 116
116 120
117 120
118 120
119 120
120 120
121 116
122 116
123 120
124 120
125 122
126 120
127 120
128 118
129 120
130 122
131 118
132 118
133 122
134 120
135 118
136 116
137 120
138 120
139 122
140 120
141 122
142 122
143 120
144 122
145 120
146 120
147 120
148 120
149 116
150 122
151 124
152 116
153 122
154 120
155 118
156 122
157 122
158 122
159 120
160 122
161 124
162 122
163 118
164 122
165 120
166 122
167 120
168 120
169 122
170 120
171 122
172 122
173 122
174 118
175 122
176 122
177 120
178 120
179 118
180 120
181 122
182 124
183 122
184 120
185 124
186 124
187 122
188 122
189 122
190 122
191 120
192 124
193 122
194 118
195 122
196 124
197 120
198 126
199 124
200 122
201 120
202 122
203 124
204 118
205 120
206 124
207 124
208 126
209 122
210 124
211 122
212 122
213 122
214 124
215 126
216 122
217 128
218 124
219 124
220 124
221 124
222 126
223 124
224 124
225 126
226 128
227 120
228 126
229 124
230 124
231 124
232 124
233 126
234 126
235 122
236 126
237 128
238 126
239 126
240 124
241 128
242 124
243 126
244 126
245 126
246 130
247 126
248 126
249 126
250 124
251 124
252 128
253 128
254 128
255 128
256 128
257 128
258 126
259 124
260 128
261 128
262 128
263 128
264 128
265 128
266 128
267 126
268 126
269 128
270 130
271 128
272 128
273 128
274 130
275 128
276 128
277 126
278 132
279 130
280 128
281 128
282 128
283 132
284 128
285 134
286 128
287 128
288 134
289 128
290 130
291 130
292 136
293 128
294 126
295 134
296 130
297 128
298 126
299 126
300 134
301 130
302 132
303 134
304 136
305 134
306 132
307 130
308 134
309 134
310 130
311 134
312 132
313 138
314 132
315 132
316 136
317 134
318 134
319 132
320 138
321 134
322 138
323 134
324 140
325 134
326 132
327 132
328 136
329 134
330 136
331 134
332 134
333 132
334 134
335 132
336 134
337 138
338 136
339 132
340 134
341 138
342 136
343 140
344 136
345 138
346 138
347 136
348 136
349 138
350 136
351 136
352 136
353 136
354 136
355 140
356 140
357 138
358 140
359 138
360 140
361 138
362 140
363 138
364 140
365 142
366 138
367 140
368 140
369 138
370 138
371 136
372 142
373 140
374 140
375 140
376 140
377 136
378 138
379 138
380 138
381 144
382 136
383 140
384 142
385 142
386 144
387 144
388 136
389 138
390 140
391 146
392 140
393 144
394 142
395 138
396 140
397 140
398 140
399 144
400 144
401 140
402 144
403 144
404 138
405 142
406 144
407 142
408 146
409 144
410 142
411 142
412 146
413 144
414 146
415 144
416 142
417 144
418 144
419 142
420 140
421 144
422 146
423 146
424 140
425 144
426 142
427 144
428 144
429 144
430 142
431 142
432 144
433 144
434 142
435 144
436 144
437 142
438 146
439 144
440 144
441 142
442 142
443 144
444 146
445 144
446 142
447 144
448 144
449 144
450 144
451 144
452 144
453 144
454 144
455 142
456 144
457 144
458 142
459 144
460 144
461 144
462 148
463 144
464 144
465 142
466 146
467 144
468 146
469 146
470 146
471 146
472 142
473 148
474 146
475 144
476 146
477 146
478 146
479 146
480 144
481 144
482 144
483 150
484 146
485 144
486 148
487 146
488 144
489 148
490 150
491 146
492 146
493 146
494 146
495 148
496 144
497 148
498 146
499 144
500 152
501 148
502 144
503 150
504 150
505 146
506 150
507 148
508 152
509 146
510 148
511 152
512 150
513 148
514 146
515 152
516 152
517 148
518 146
519 150
520 146
521 150
522 148
523 152
524 146
525 150
526 150
527 150
528 150
529 154
530 150
531 154
532 150
533 154
534 150
535 154
536 154
537 152
538 152
539 150
540 152
541 152
542 148
543 152
544 150
545 148
546 150
547 154
548 150
549 152
550 152
551 156
552 154
553 152
554 156
555 154
556 156
557 152
558 154
559 154
560 154
561 154
562 154
563 154
564 154
565 154
566 154
567 152
568 152
569 152
570 152
571 152
572 154
573 152
574 156
575 152
576 150
577 150
578 156
579 152
580 154
581 158
582 152
583 158
584 154
585 156
586 158
587 156
588 154
589 156
590 158
591 154
592 160
593 152
594 156
595 156
596 154
597 154
598 154
599 156
600 160
601 156
602 156
603 160
604 156
605 156
606 154
607 154
608 158
609 156
610 158
611 162
612 158
613 160
614 154
615 158
616 158
617 154
618 162
619 158
620 156
621 160
622 154
623 158
624 160
625 158
626 160
627 160
628 160
629 156
630 158
631 156
632 158
633 160
634 156
635 158
636 158
637 158
638 162
639 158
640 156
641 156
642 158
643 160
644 158
645 160
646 158
647 162
648 160
649 158
650 160
651 164
652 160
653 160
654 160
655 160
656 158
657 160
658 158
659 162
660 160
661 160
662 162
663 158
664 158
665 160
666 160
667 160
668 160
669 160
670 158
671 160
672 162
673 160
674 160
675 158
676 160
677 162
678 162
679 162
680 162
681 162
682 162
683 158
684 160
685 158
686 158
687 162
688 162
689 164
690 162
691 162
692 162
693 162
694 162
695 162
696 160
697 160
698 160
699 162
700 160
701 160
702 160
703 162
704 160
705 162
706 160
707 160
708 162
709 160
710 164
711 162
712 160
713 162
714 162
715 162
716 162
717 160
718 164
719 162
720 160
721 162
722 160
723 162
724 162
725 160
726 168
727 160
728 162
729 160
730 160
731 162
732 164
733 160
734 162
735 162
736 160
737 168
738 164
739 164
740 162
741 166
742 162
743 164
744 166
745 164
746 168
747 166
748 160
749 160
750 162
751 164
752 164
753 162
754 168
755 164
756 164
757 164
758 168
759 166
760 168
761 166
762 164
763 164
764 168
765 168
766 166
767 168
768 164
769 168
770 164
771 168
772 166
773 168
774 166
775 168
776 164
777 166
778 170
779 168
780 166
781 166
782 166
783 166
784 166
785 166
786 168
787 166
788 164
789 166
790 166
791 166
792 166
793 164
794 164
795 168
796 168
797 166
798 166
799 168
800 168
801 164
802 166
803 166
804 164
805 170
806 166
807 166
808 168
809 166
810 166
811 166
812 166
813 164
814 164
815 164
816 166
817 164
818 168
819 166
820 166
821 168
822 168
823 166
824 166
825 170
826 164
827 166
828 164
829 164
830 166
831 166
832 166
833 170
834 166
835 166
836 170
837 168
838 170
839 168
840 170
841 168
842 170
843 168
844 170
845 170
846 166
847 166
848 166
849 166
850 168
851 168
852 166
853 168
854 166
855 168
856 168
857 168
858 168
859 168
860 168
861 168
862 168
863 170
864 166
865 168
866 168
867 166
868 166
869 166
870 166
871 168
872 170
873 166
874 166
875 168
876 166
877 166
878 170
879 168
880 166
881 166
882 166
883 168
884 166
885 170
886 168
887 168
888 168
889 166
890 168
891 168
892 170
893 168
894 170
895 166
896 168
897 168
898 166
899 166
900 170
901 170
902 170
903 168
904 166
905 168
906 168
907 166
908 170
909 168
910 166
911 170
912 166
913 166
914 168
915 166
916 170
917 170
918 168
919 170
920 166
921 170
922 170
923 166
924 168
925 168
926 168
927 166
928 166
929 170
930 168
931 168
932 168
933 168
934 166
935 166
936 170
937 168
938 168
939 166
940 166
941 166
942 166
943 166
944 166
945 168
946 166
947 166
948 166
949 168
950 166
951 170
952 168
953 168
954 168
955 166
956 166
957 166
958 166
959 166
960 166
961 168
962 168
963 168
964 170
965 166
966 168
967 168
968 170
969 168
970 168
971 170
972 166
973 168
974 166
975 166
976 168
977 170
978 168
979 168
980 166
981 166
982 166
983 168
984 166
985 166
986 166
987 166
988 166
989 166
990 166
991 166
992 170
993 168
994 166
995 170
996 166
997 168
998 170
999 168
