0 0.5
1 1
2 1.5
3 1
4 1
5 1.16667
6 1
7 1.28571
8 1
9 1
10 1.22222
11 0.909091
12 1
13 1.1
14 1
15 1
16 1.09091
17 1
18 0.916667
19 1
20 1.09091
21 1
22 1.08333
23 1
24 1.07692
25 1
26 1
27 1.07143
28 0.933333
29 1
30 1.07143
31 1.06667
32 1.0625
33 1.05882
34 0.944444
35 1.05882
36 1.05556
37 1
38 1.05263
39 0.9
40 1.05556
41 1.05263
42 0.95
43 1.05263
44 1
45 1.05
46 1
47 0.952381
48 1.1
49 1
50 1.04545
51 0.956522
52 1.04545
53 1
54 1
55 0.956522
56 1.04545
57 0.956522
58 1.09091
59 1
60 1
61 1.04167
62 1
63 1.04
64 1
65 1
66 1.03846
67 1
68 0.962963
69 1.07692
70 1
71 0.964286
72 1
73 1.03704
74 1.03571
75 1
76 1.03448
77 1
78 1.03333
79 1
80 0.967742
81 1
82 1.03333
83 1
84 1.03226
85 0.96875
86 1
87 0.967742
88 1.03333
89 1
90 1
91 1.03226
92 0.96875
93 1
94 1
95 1.03226
96 1
97 1
98 1.0625
99 0.941176
100 1.0625
101 0.970588
102 1.0303
103 1
104 1
105 1
106 1
107 1
108 1.02941
109 0.971429
110 1
111 1
112 1
113 1.02941
114 0.971429
115 1
116 1.02941
117 1
118 1
119 1
120 1
121 0.971429
122 1.02941
123 1
124 1
125 1
126 0.971429
127 1.02941
128 1
129 1
130 1
131 1
132 1
133 1
134 1
135 1
136 1
137 1
138 1
139 1
140 1
141 1
142 1
143 1
144 1
145 1
146 1
147 1
