0 4.05578e-320
1 116
2 116
3 116
4 116
5 116
6 116
7 116
8 116
9 118
10 118
11 118
12 122
13 122
14 122
15 122
16 122
17 122
18 124
19 124
20 124
21 124
22 124
23 124
24 126
25 126
26 128
27 128
28 128
29 130
30 130
31 130
32 130
33 132
34 134
35 136
36 136
37 136
38 138
39 138
40 140
41 140
42 140
43 140
44 140
45 140
46 140
47 142
48 142
49 142
50 144
51 144
52 146
53 146
54 146
55 146
56 146
57 146
58 146
59 146
60 148
61 148
62 148
63 150
64 150
65 152
66 152
67 152
68 154
69 154
70 154
71 156
72 156
73 156
74 156
75 156
76 158
77 158
78 160
79 160
80 162
81 162
82 162
83 162
84 162
85 162
86 164
87 164
88 164
89 164
90 164
91 164
92 164
93 164
94 164
95 164
96 164
97 164
98 164
99 164
100 168
101 168
102 168
103 168
104 168
105 168
106 168
107 168
108 168
109 168
110 170
111 170
112 170
113 170
114 170
115 170
116 170
117 170
118 170
119 170
120 170
121 170
122 170
123 170
124 170
125 170
126 170
127 170
128 170
129 170
130 170
131 170
132 170
133 170
134 170
135 170
136 170
137 170
138 170
139 170
140 170
141 170
142 170
143 170
144 170
145 170
146 170
147 170
148 170
149 170
