0 0
1 0
2 4
3 0
4 0
5 2
6 0
7 4
8 0
9 0
10 4
11 0
12 0
13 2
14 0
15 0
16 2
17 0
18 0
19 0
20 2
21 0
22 2
23 0
24 2
25 0
26 0
27 2
28 0
29 0
30 2
31 2
32 2
33 2
34 0
35 2
36 2
37 0
38 2
39 0
40 2
41 2
42 0
43 2
44 0
45 2
46 0
47 0
48 4
49 0
50 2
51 0
52 2
53 0
54 0
55 0
56 2
57 0
58 4
59 0
60 0
61 2
62 0
63 2
64 0
65 0
66 2
67 0
68 0
69 4
70 0
71 0
72 0
73 2
74 2
75 0
76 2
77 0
78 2
79 0
80 0
81 0
82 2
83 0
84 2
85 0
86 0
87 0
88 2
89 0
90 0
91 2
92 0
93 0
94 0
95 2
96 0
97 0
98 4
99 0
100 4
101 0
102 2
103 0
104 0
105 0
106 0
107 0
108 2
109 0
110 0
111 0
112 0
113 2
114 0
115 0
116 2
117 0
118 0
119 0
120 0
121 0
122 2
123 0
124 0
125 0
126 0
127 2
128 0
129 0
130 0
131 0
132 0
133 0
134 0
135 0
136 0
137 0
138 0
139 0
140 0
141 0
142 0
143 0
144 0
145 0
146 0
147 0
