0 1.8867
1 1.55711
2 1.41848
3 1.69574
4 1.69574
5 1.8867
6 0.950271
7 1.02965
8 1.41848
9 0.500402
10 0
11 0
12 0.325083
13 0.325083
14 0.325083
15 0
16 0
17 0
18 0
19 0
20 0
21 0
22 0
23 0.500402
24 0
25 0
26 0
27 0
28 0
29 0
30 0
31 0
32 0
33 0
34 0
35 0
36 0
37 0
38 0
39 0
40 0
41 0
42 0
43 0
44 0
45 0
46 0
47 0
48 0
49 0
50 0
51 0
52 0
53 0
54 0
55 0
56 0
57 0
58 0
59 0
60 0
61 0
62 0
63 0
64 0
65 0
66 0
67 0
68 0
69 0
70 0
71 0
72 0
73 0
74 0
75 0
76 0
77 0
78 0
79 0
80 0
81 0
82 0
83 0.325083
84 0
85 0.325083
86 0.325083
87 0
88 0.610864
89 0.500402
90 0.500402
91 0.325083
92 0.610864
93 0.610864
94 0.500402
95 0.610864
96 0.610864
97 0.673012
98 0.673012
99 0.500402
100 0.325083
101 0.610864
102 0.610864
103 0.673012
104 0.610864
105 0.610864
106 0.610864
107 0.673012
108 0.693147
109 0.693147
110 0.673012
111 0.610864
112 0.610864
113 0.673012
114 0.610864
115 0.673012
116 0.693147
117 0.673012
118 0.693147
119 0
120 0
121 0.325083
122 0.500402
123 0
124 0.325083
125 0.325083
126 0.639032
127 0.325083
128 0
129 0
130 0
131 0.325083
132 0
133 0
134 0.325083
135 0.325083
136 0
137 0
138 0
139 0
140 0.325083
141 0.325083
142 0.325083
143 0.325083
144 0.325083
145 0
146 0
147 0.325083
148 0.325083
