0 0
1 -7
2 -1.82843
3 -1
4 -0.681793
5 -0.515717
6 -0.414214
7 -0.3459
8 -0.316074
9 -0.276518
10 -0.245731
11 -0.243575
12 -0.221189
13 -0.202561
14 -0.186821
15 -0.173346
16 -0.161681
17 -0.157394
18 -0.148033
19 -0.139722
20 -0.132294
21 -0.125614
22 -0.119576
23 -0.117976
24 -0.112793
25 -0.111335
26 -0.106832
27 -0.102679
28 -0.101548
29 -0.09788
30 -0.0944679
31 -0.0912856
32 -0.0905077
33 -0.0896483
34 -0.088729
35 -0.0860878
36 -0.0835992
37 -0.0828316
38 -0.0805663
39 -0.0798408
40 -0.0777692
41 -0.0758022
42 -0.0739323
43 -0.0721524
44 -0.0704561
45 -0.0688377
46 -0.0684246
47 -0.0669212
48 -0.0654823
49 -0.0651147
50 -0.0637718
51 -0.0634095
52 -0.062153
53 -0.0609453
54 -0.0597836
55 -0.0586653
56 -0.0575881
57 -0.0565498
58 -0.0555482
59 -0.0553425
60 -0.0543954
61 -0.0534803
62 -0.0532887
63 -0.052421
64 -0.0522258
65 -0.0514021
66 -0.0506039
67 -0.0504216
68 -0.049662
69 -0.0489249
70 -0.0487541
71 -0.0480512
72 -0.0473683
73 -0.0467045
74 -0.046059
75 -0.0459204
76 -0.0453027
77 -0.0451615
78 -0.0445698
79 -0.0444268
80 -0.0438594
81 -0.0433064
82 -0.0427671
83 -0.0422411
84 -0.0417279
85 -0.041616
86 -0.0411223
87 -0.0406401
88 -0.0401692
89 -0.039709
90 -0.0392592
91 -0.0388195
92 -0.0383896
93 -0.0379691
94 -0.0375576
95 -0.037155
96 -0.036761
97 -0.0363752
98 -0.0359974
99 -0.0362618
100 -0.0358927
101 -0.0355311
102 -0.0351767
103 -0.0348293
104 -0.0344887
105 -0.0341547
106 -0.0338271
107 -0.0335057
108 -0.0331904
109 -0.0331557
110 -0.0328494
111 -0.0325486
112 -0.0322534
113 -0.0319635
114 -0.0316787
115 -0.0313989
116 -0.0311241
117 -0.030854
118 -0.0305886
119 -0.0303277
120 -0.0300712
121 -0.029819
122 -0.029571
123 -0.0293271
124 -0.0290872
125 -0.0288511
126 -0.0286189
127 -0.0283904
128 -0.0281655
129 -0.0279442
130 -0.0277262
131 -0.0275117
132 -0.0273005
133 -0.0270924
134 -0.0268876
135 -0.0266858
136 -0.026487
137 -0.0262911
138 -0.0260981
139 -0.025908
140 -0.0257206
141 -0.0255358
142 -0.0253537
143 -0.0251742
144 -0.0249972
145 -0.0248227
146 -0.0246506
147 -0.0244809
148 -0.0243135
