0 0.47
1 0.28
2 0.52
3 0.3
4 0.4
5 0.51
6 0.5
7 0.55
8 0.55
9 0.49
10 0.49
11 0.53
12 0.53
13 0.52
14 0.54
15 0.53
16 0.53
17 0.54
18 0.54
19 0.51
20 0.54
21 0.53
22 0.55
23 0.55
24 0.54
25 0.52
26 0.55
27 0.53
28 0.49
29 0.52
30 0.54
31 0.55
32 0.55
33 0.53
34 0.54
35 0.52
36 0.53
37 0.53
38 0.54
39 0.5
40 0.54
41 0.54
42 0.54
43 0.53
44 0.55
45 0.53
46 0.53
47 0.56
48 0.54
49 0.53
50 0.53
51 0.54
52 0.51
53 0.52
54 0.53
55 0.53
56 0.52
57 0.53
58 0.53
59 0.52
60 0.5
61 0.52
62 0.53
63 0.51
64 0.52
65 0.51
66 0.52
67 0.52
68 0.53
69 0.52
70 0.51
71 0.54
72 0.5
73 0.49
74 0.52
75 0.48
76 0.51
77 0.5
78 0.47
79 0.5
80 0.48
81 0.52
82 0.5
83 0.5
84 0.52
85 0.51
86 0.51
87 0.53
88 0.51
89 0.51
90 0.51
91 0.51
92 0.51
93 0.51
94 0.51
95 0.51
96 0.53
97 0.51
98 0.53
99 0.51
100 0.51
101 0.51
102 0.5
103 0.49
104 0.52
105 0.51
106 0.5
107 0.49
108 0.48
109 0.49
110 0.49
111 0.49
112 0.5
113 0.51
114 0.51
115 0.5
116 0.5
117 0.49
118 0.49
119 0.52
120 0.5
121 0.52
122 0.49
123 0.49
124 0.52
125 0.53
126 0.51
127 0.51
128 0.49
129 0.5
130 0.5
131 0.51
132 0.49
133 0.49
134 0.5
135 0.53
136 0.51
137 0.51
138 0.53
139 0.49
140 0.49
141 0.51
142 0.51
143 0.49
144 0.5
145 0.53
146 0.49
147 0.49
