-4 0 6 10 10 8 8 12 16 18 14 16 18 16 22 22 20 18 18 22 20 22 20 24 22 28 26 26 28 28 28 28 32 30 34 32 34 36 40 34 34 36 38 36 40 40 40 40 38 44 46 44 42 46 44 42 46 42 44 42 44 44 48 48 50 52 50 54 52 50 54 52 54 52 50 56 58 54 56 60 58 60 58 58 60 60 62 58 58 62 58 62 62 60 60 60 62 60 68 62 62 64 64 62 68 64 68 66 68 66 66 64 68 64 66 66 66 64 66 70 68 68 68 68 66 66 66 70 68 70 70 68 70 70 68 68 66 68 66 68 66 66 70 68 68 66 68 66 
8 8 10 8 12 14 10 10 16 14 16 18 18 20 18 20 20 22 22 18 22 22 26 24 28 20 28 26 28 28 30 26 28 30 30 34 30 34 34 34 38 40 36 36 38 42 38 40 44 36 40 44 44 44 46 44 44 44 44 46 46 50 50 46 48 48 50 50 50 54 52 54 54 52 56 58 54 54 54 54 56 60 58 60 64 60 60 58 60 62 60 62 62 60 60 62 62 62 60 60 62 62 66 64 66 68 64 68 64 66 66 64 64 70 64 68 70 66 66 68 68 66 68 68 66 68 66 68 68 66 70 66 68 70 68 66 66 66 68 68 66 68 66 68 66 66 66 68 
8 0 8 8 8 12 12 10 16 16 18 18 16 20 18 22 20 22 20 22 24 20 24 26 24 26 26 30 28 28 28 32 34 36 28 36 34 34 32 32 36 36 36 36 40 38 38 40 36 38 44 40 42 46 46 44 44 44 42 44 46 46 46 44 52 46 50 54 52 50 56 54 54 52 52 56 60 54 54 58 60 60 58 58 60 58 60 60 62 62 58 64 62 62 60 60 62 62 62 60 60 66 64 64 68 68 68 66 66 66 66 68 66 66 64 68 64 66 70 70 66 68 68 66 68 66 66 68 70 68 68 70 70 66 68 66 66 66 66 68 66 68 68 66 66 66 70 70 
-6 8 4 6 8 10 14 10 12 16 16 20 20 22 22 22 16 22 22 22 22 24 22 22 24 24 26 26 28 28 28 30 28 28 26 34 32 32 32 34 32 38 38 36 38 40 36 40 40 40 42 44 46 44 40 42 42 44 44 46 46 44 46 52 46 50 50 50 52 52 54 54 52 54 54 54 52 56 58 58 54 56 62 60 60 60 62 60 60 62 58 62 62 62 62 64 62 60 60 62 68 62 68 62 66 66 64 64 70 66 66 68 66 66 64 66 66 66 68 70 70 68 68 66 70 66 68 68 68 68 66 66 66 68 68 70 66 66 70 66 68 70 66 66 66 66 66 68 
-12 4 4 10 10 4 6 16 14 16 20 18 20 20 20 20 22 20 20 20 20 22 20 24 24 24 24 26 28 28 28 28 28 26 26 32 38 38 36 32 34 34 36 40 40 40 42 36 42 42 38 44 44 42 44 44 42 44 44 46 46 48 46 48 48 46 54 54 48 52 56 54 52 52 58 56 56 60 56 54 58 58 58 58 58 58 58 60 60 62 62 62 62 62 60 62 60 60 60 64 64 64 66 68 64 64 68 68 68 68 68 66 66 68 66 66 64 70 70 66 66 68 70 70 66 70 66 66 66 66 68 66 66 68 68 68 66 66 66 66 68 68 66 66 66 70 70 70 
4 6 10 10 8 10 14 10 14 16 18 18 20 20 18 22 24 22 20 20 24 18 22 22 24 24 28 26 28 28 30 28 34 34 34 30 32 34 34 34 38 38 38 40 38 38 38 38 42 42 40 38 42 44 42 44 44 44 44 46 44 46 46 44 52 50 50 54 52 56 56 54 54 56 52 52 56 56 58 62 60 56 56 62 62 62 62 60 58 62 62 62 60 60 62 60 64 64 64 60 60 60 60 64 64 64 64 64 66 66 66 66 66 66 64 64 64 64 68 66 66 68 66 66 66 68 68 68 68 66 68 68 68 68 68 68 66 66 66 66 68 68 68 68 68 68 68 68 
-6 8 4 12 10 8 8 12 14 18 18 14 20 18 16 20 16 24 22 18 24 22 24 22 26 24 24 24 26 28 28 28 28 28 30 34 32 38 36 36 36 36 36 38 38 38 38 38 44 44 40 40 42 44 44 42 46 44 48 46 44 44 48 50 50 48 48 52 50 50 50 54 54 52 58 58 58 56 62 62 58 58 56 60 60 60 60 60 60 60 60 60 60 60 60 60 62 62 62 62 62 62 60 64 64 64 64 64 66 64 64 68 68 66 68 68 68 68 70 66 66 66 66 66 66 66 66 66 66 70 66 66 66 66 66 66 66 66 66 66 70 70 70 70 70 70 70 70 
6 6 6 10 10 10 10 18 18 16 22 18 20 20 20 20 22 22 20 20 22 24 18 22 24 26 26 24 24 26 26 26 26 26 26 26 26 34 34 34 34 34 34 34 34 34 34 34 34 34 40 40 40 42 44 44 44 44 44 42 42 42 44 50 48 52 52 52 48 48 48 48 48 50 54 54 54 60 58 58 58 60 60 58 58 58 58 58 58 58 58 58 58 58 58 58 60 60 60 60 60 60 60 64 64 64 64 64 64 66 66 66 66 66 66 66 66 66 68 66 66 66 66 66 66 66 66 66 66 66 70 70 70 66 66 66 66 66 66 66 66 66 66 66 66 66 66 66 
-8 0 12 10 10 10 10 12 12 16 16 18 16 16 20 20 20 20 22 22 22 22 20 24 24 26 26 26 26 26 26 26 26 26 26 26 26 26 26 26 26 26 26 26 26 26 26 26 26 26 26 26 26 40 44 44 44 44 44 48 48 48 48 46 46 46 46 46 46 46 46 46 46 46 46 46 46 56 56 56 56 56 56 56 56 56 56 56 56 56 56 56 56 56 56 56 62 62 62 62 62 62 62 62 62 62 62 62 62 62 62 62 62 62 62 62 62 62 62 62 62 62 62 62 62 62 62 62 62 62 62 62 62 70 70 70 70 70 70 70 70 70 70 70 70 70 70 70 
0 0 0 6 6 6 6 6 6 6 6 6 6 6 6 6 6 6 22 22 22 22 22 26 26 22 22 22 22 22 22 22 22 22 22 22 22 22 22 22 22 22 22 22 22 22 22 22 22 22 22 22 22 22 42 42 42 42 42 46 46 46 46 46 52 52 52 52 52 52 52 52 52 52 52 52 52 52 52 52 52 52 52 52 52 52 52 52 52 52 52 52 52 52 52 52 52 52 52 52 52 52 52 52 52 52 52 52 52 52 52 52 52 52 52 52 52 52 52 52 52 52 52 52 52 52 52 52 52 52 52 52 52 52 52 52 52 52 52 52 52 52 52 52 52 52 52 52 
