0 -0.08
1 -0.08
2 -0.12
3 -0.12
4 -0.12
5 -0.14
6 -0.14
7 -0.18
8 -0.18
9 -0.18
10 -0.22
11 -0.2
12 -0.2
13 -0.22
14 -0.22
15 -0.22
16 -0.24
17 -0.24
18 -0.22
19 -0.22
20 -0.24
21 -0.24
22 -0.26
23 -0.26
24 -0.28
25 -0.28
26 -0.28
27 -0.3
28 -0.28
29 -0.28
30 -0.3
31 -0.32
32 -0.34
33 -0.36
34 -0.34
35 -0.36
36 -0.38
37 -0.38
38 -0.4
39 -0.36
40 -0.38
41 -0.4
42 -0.38
43 -0.4
44 -0.4
45 -0.42
46 -0.42
47 -0.4
48 -0.44
49 -0.44
50 -0.46
51 -0.44
52 -0.46
53 -0.46
54 -0.46
55 -0.44
56 -0.46
57 -0.44
58 -0.48
59 -0.48
60 -0.48
61 -0.5
62 -0.5
63 -0.52
64 -0.52
65 -0.52
66 -0.54
67 -0.54
68 -0.52
69 -0.56
70 -0.56
71 -0.54
72 -0.54
73 -0.56
74 -0.58
75 -0.58
76 -0.6
77 -0.6
78 -0.62
79 -0.62
80 -0.6
81 -0.6
82 -0.62
83 -0.62
84 -0.64
85 -0.62
86 -0.62
87 -0.6
88 -0.62
89 -0.62
90 -0.62
91 -0.64
92 -0.62
93 -0.62
94 -0.62
95 -0.64
96 -0.64
97 -0.64
98 -0.68
99 -0.64
100 -0.68
101 -0.66
102 -0.68
103 -0.68
104 -0.68
105 -0.68
106 -0.68
107 -0.68
108 -0.7
109 -0.68
110 -0.68
111 -0.68
112 -0.68
113 -0.7
114 -0.68
115 -0.68
116 -0.7
117 -0.7
118 -0.7
119 -0.7
120 -0.7
121 -0.68
122 -0.7
123 -0.7
124 -0.7
125 -0.7
126 -0.68
127 -0.7
128 -0.7
129 -0.7
130 -0.7
131 -0.7
132 -0.7
133 -0.7
134 -0.7
135 -0.7
136 -0.7
137 -0.7
138 -0.7
139 -0.7
140 -0.7
141 -0.7
142 -0.7
143 -0.7
144 -0.7
145 -0.7
146 -0.7
147 -0.7
