30.891540  3.853706  43.238561  
19.816927  -25.741416  38.340210  
20.577544  24.903080  33.212723  
-3.452601  -14.877645  31.708601  
-11.089290  25.706868  4.166706  
2.744982  -53.779863  10.120643  
26.053928  -39.245317  -11.766784  
-14.934477  21.049953  -42.768334  
-28.919804  9.371816  34.608602  
-30.393822  25.823087  -27.516682  
-38.733906  0.118811  13.854215  
-1.289047  8.809849  -52.287117  
38.911161  -27.448211  11.496773  
2.065966  -8.484647  29.531371  
-41.319816  22.873781  -25.640011  
32.204170  39.809879  -15.034079  
50.329531  4.210383  4.750824  
-0.949876  46.827797  -27.282596  
34.630850  -15.912276  37.569830  
23.649974  35.138186  -11.758970  
-22.734734  1.403828  39.408628  
-5.172145  -20.052619  45.508554  
35.361202  -17.750493  15.989835  
28.835992  -26.700505  21.663740  
47.093048  -0.248666  -22.996122  
18.502962  19.423331  6.841074  
-18.105942  -7.715794  21.798755  
23.218112  35.721442  15.423088  
12.267567  -27.427110  38.758280  
-8.068792  21.768728  18.765015  
15.476815  -25.428422  28.829759  
-25.233516  31.983512  -4.978961  
-13.277907  -25.037071  21.191863  
14.347129  30.988087  21.008165  
-21.363206  29.491872  -0.863767  
2.997777  -10.987201  36.171594  
-8.061943  22.667455  6.811020  
-39.790975  14.495094  -6.044592  
-28.945117  -22.720959  19.954393  
18.488755  16.336440  20.049350  
16.951827  -1.044871  24.424473  
-9.437715  25.020698  -11.702604  
29.598437  24.955689  9.046502  
-24.905160  22.234406  17.418317  
11.012502  25.021621  5.468340  
-25.107706  15.344184  -9.218593  
-21.939515  8.111378  11.941841  
9.254839  -2.352598  27.327041  
-16.069817  -27.715873  6.347519  
-6.578795  1.699393  20.990939  
-9.947300  22.036300  10.289966  
3.532718  14.839848  14.394499  
-1.568482  27.495980  -4.551538  
-17.729887  27.505005  0.251477  
-21.830734  13.270963  4.788283  
-24.849466  -13.735533  14.923208  
-6.280721  13.617330  21.991094  
-7.613081  23.076140  6.412030  
0.751810  23.819725  12.875990  
8.758834  13.068478  18.238374  
-11.509107  -3.344932  22.083712  
-1.177965  22.946341  9.860310  
-13.125855  15.908082  8.535317  
6.876828  17.876528  11.998348  
1.360294  4.740963  21.351950  
-4.727775  12.805746  15.525903  
-1.017560  -3.107718  25.527073  
-19.517137  3.689106  11.206265  
1.168708  23.107052  7.023632  
1.862022  12.583913  19.696081  
-7.451596  3.121068  21.434750  
7.241650  14.369940  20.310699  
-3.522707  15.599904  15.401161  
3.386133  18.157744  15.460974  
-9.174844  12.066651  17.027035  
-20.410026  5.776995  10.770904  
-8.428544  9.781462  22.121600  
-9.530752  4.730766  16.532976  
1.713107  0.789991  23.716872  
4.029149  16.111543  16.787589  
-3.929529  21.495565  7.955341  
-21.610117  1.970643  8.991813  
-5.152537  23.128742  8.293841  
-11.963308  18.198289  10.279081  
-8.967796  13.175816  13.260852  
-17.276446  1.170614  14.958723  
-4.554392  23.710483  6.520380  
-0.680639  1.615963  24.494990  
-8.740219  1.897721  16.178222  
-16.990114  6.165097  15.793285  
6.962635  7.536666  20.917187  
-19.435298  5.530811  12.729643  
0.401302  21.454133  9.335489  
-9.520392  21.905367  4.521315  
7.992142  15.873996  14.994373  
-16.668319  12.404187  6.234014  
-3.750675  -6.351009  22.046699  
-7.183646  4.094077  15.502323  
-9.489790  9.220375  9.927508  
-2.361243  17.891437  10.892457  
9.590411  9.747804  15.461338  
-6.147476  -7.670079  19.202707  
-13.044469  1.927830  12.708246  
-20.498620  -0.783275  11.718263  
-5.263965  15.394911  10.492138  
5.357443  13.574743  16.157091  
2.844454  3.358603  20.715819  
7.041333  17.105983  8.997614  
4.939036  16.353082  13.939126  
-4.676579  7.535807  10.854102  
-17.379261  -3.230899  14.620204  
5.059124  13.519224  15.814018  
-21.316070  1.728231  8.238934  
-1.849885  16.575981  8.930726  
-17.118186  -3.771185  15.746724  
-8.188216  -2.494134  19.528954  
-10.930414  6.445367  10.683499  
-3.421481  6.639945  12.901883  
-8.094052  14.773247  6.928440  
3.364335  12.641272  18.404968  
-18.754270  -0.178699  9.832072  
-15.188465  15.657996  1.805978  
-13.097993  7.876035  17.467679  
-2.461563  7.491237  12.581148  
-5.223106  8.119327  10.151749  
-8.314297  9.430403  9.567013  
-4.930640  12.020425  11.734953  
3.128202  9.686070  16.802389  
-0.609749  10.894781  13.398511  
-7.134610  9.864086  10.222396  
-17.338949  7.076024  9.834843  
-3.146489  10.736106  16.511416  
-5.426056  5.848922  12.718952  
-14.767884  16.020479  3.369015  
3.086667  16.648415  9.256387  
-7.348211  10.094702  11.382906  
-4.803088  9.129040  10.747546  
7.477815  11.520372  13.081499  
-6.569417  6.088191  14.393139  
-3.871903  7.770996  13.354439  
-0.372076  10.733381  10.152648  
-4.455136  8.441736  11.474672  
-3.151256  7.153364  12.666149  
-8.107027  9.191733  10.214616  
7.429647  8.817062  16.445610  
-3.720194  6.925423  13.837990  
-5.216881  5.162444  13.094843  
-3.850523  8.669292  11.502117  
-5.221891  9.246219  10.453359  
-4.892389  5.856117  11.718515  
-6.333050  6.354980  9.744245  
-4.313043  7.799449  12.020800  
-6.360508  7.964746  11.007201  
-5.799707  8.375650  9.836903  
-4.523913  7.470659  12.122722  
-6.670962  7.637125  11.078941  
-6.982589  6.087848  9.444766  
1.488202  7.264616  14.017049  
-0.134900  3.989022  15.486656  
-7.475873  7.247510  10.841217  
-8.660145  5.657019  10.068635  
-9.058221  6.531782  10.345212  
-3.859028  7.579546  9.796541  
-7.228471  6.774991  9.463920  
-7.861685  4.689438  10.861148  
-8.055648  7.728159  10.330620  
-7.008423  5.857829  11.956049  
-7.828676  5.045411  10.591372  
-6.207204  6.339366  9.940971  
-1.895003  10.084605  13.036410  
-4.837896  9.440723  10.330947  
-4.066513  5.378371  10.427680  
-7.883610  7.260523  10.498640  
-4.167646  5.845737  9.569251  
-5.268851  6.446858  11.339713  
-3.820885  10.229993  8.621798  
-3.636255  6.073201  8.219470  
-3.459427  9.522520  10.730757  
-4.564939  8.415750  10.353616  
-3.714786  6.827722  9.238798  
-6.786526  6.057540  10.777961  
-8.083508  5.795589  10.117424  
-5.251914  4.440492  12.396853  
-5.851516  6.983259  9.753671  
-3.652355  7.178605  7.972785  
-2.975691  7.231629  8.647602  
-6.867373  5.054960  10.148244  
-6.297312  3.524003  10.866943  
-4.959530  5.008849  8.927010  
-5.709730  5.693990  10.092905  
-4.500694  6.061282  8.587198  
-6.602684  5.650696  8.140381  
-2.418644  5.303762  10.846879  
-5.739508  6.473563  10.120711  
-5.465454  8.005150  8.702305  
-3.582426  8.189488  9.356500  
-7.634025  5.206994  9.388667  
-6.306099  7.183943  8.473986  
-2.095157  6.617839  10.586927  
-1.270114  6.915526  10.859371  
-6.401836  5.089039  10.435383  
-6.130444  7.883434  8.574120  
-3.786936  3.560223  8.771049  
-5.006646  7.955288  7.923188  
-2.531547  6.749155  9.766855  
0.608189  4.132924  11.517025  
-4.053581  5.089677  7.385791  
-0.647669  7.038701  10.833414  
-2.900670  5.560658  7.625652  
-4.314344  6.757659  9.078513  
-2.192808  4.151209  9.896894  
-7.934063  3.012618  9.410442  
-4.787722  6.562903  8.557627  
-2.788549  3.775602  7.576657  
-2.565674  5.757880  8.381203  
-5.081386  9.147905  7.714413  
-5.442162  4.588705  10.841757  
-1.431897  7.872741  10.123443  
-0.465947  6.299829  7.553483  
-4.392105  3.019357  9.453983  
-4.346906  7.043623  6.870958  
-4.849533  7.226533  6.309724  
-2.122744  3.230718  11.374637  
-3.088520  3.050389  6.576149  
-1.177500  4.390379  11.008355  
-3.312467  3.108198  10.047146  
-2.765111  3.129182  7.849338  
-4.149168  6.248936  6.247285  
-0.534933  7.190519  8.980883  
-3.013810  5.045649  5.750801  
-1.500870  6.664146  7.950580  
-2.725039  6.417891  7.928162  
-0.465001  4.948933  10.545505  
-5.773092  4.620053  6.209574  
-5.871398  4.702370  6.411785  
-4.089205  3.889826  9.469498  
-3.057623  4.172003  7.225442  
-6.717705  4.596051  7.135815  
-3.025160  3.009920  8.810535  
-2.463792  7.505344  8.213355  
-3.240796  2.357626  6.952182  
-2.496283  3.104308  6.617681  
-4.404086  4.231538  7.518217  
-5.495656  5.530639  5.871391  
-5.023618  2.041004  7.957469  
-1.930999  4.130426  8.476962  
-3.855327  2.425951  6.467257  
-4.317225  3.711380  7.683311  
-3.497803  2.232007  8.895727  
-4.224310  3.188308  7.502841  
-3.946231  6.262725  5.735596  
-4.772088  1.829480  7.187168  
-2.633247  6.920683  7.089642  
-4.697828  4.612968  5.430310  
-3.571639  3.298077  6.480469  
-2.046682  1.867569  8.325510  
-4.129076  4.464000  6.563456  
-3.297153  2.738612  6.930987  
-5.351501  4.868547  6.611874  
-2.326209  4.769425  6.879478  
-1.735727  4.451218  6.933172  
-2.481897  2.414186  4.884640  
-6.092863  4.543586  5.765993  
-2.399766  2.679175  7.773401  
-3.246378  5.331686  5.137338  
1.532243  2.736262  9.986868  
-3.066789  0.600168  9.359314  
-2.442914  1.989171  3.794639  
-5.317435  3.141805  6.615518  
-3.877430  3.825162  7.057160  
-2.910359  3.657493  7.606058  
-3.014357  2.744467  5.707163  
-4.795106  3.823407  6.115119  
-3.117656  2.461673  8.840649  
-4.567489  4.144836  6.566318  
-3.971825  5.979523  3.602073  
-1.380775  3.756280  5.449733  
-4.405833  0.992969  8.727562  
-1.018036  3.258225  5.494475  
-1.933483  3.270116  9.863370  
-3.133994  3.591655  5.030040  
-3.579027  2.557317  6.661404  
-3.320653  3.185487  8.485816  
-2.215811  3.935887  5.407313  
-5.238554  1.489598  5.299449  
-2.605994  3.013192  4.372708  
-1.317493  2.632028  7.666756  
-5.310913  3.445533  4.866992  
-7.038120  -0.412664  6.829574  
-2.759702  2.175481  4.916574  
-3.329163  2.858758  5.300670  
-0.820951  2.132056  5.790580  
0.488437  1.236484  8.310862  
-1.281885  1.197269  5.026284  
-2.011335  1.381156  6.266808  
0.327238  7.560780  4.769284  
-3.071229  0.471131  4.945840  
-2.408019  3.051854  3.672789  
-3.155943  2.550831  6.181181  
-1.922186  2.148343  5.850322  
-2.707302  1.128719  6.192232  
-1.750281  1.656343  3.256704  
-3.762031  1.214462  4.218588  
-2.440692  2.335573  4.254642  
-1.840747  1.362958  3.109963  
-4.473335  0.541797  3.124949  
-6.060368  0.165635  4.242286  
-3.977717  1.260524  6.400430  
-3.768744  2.599787  2.238695  
1.076210  4.023548  4.569781  
-3.585946  -1.461138  6.050594  
-0.567983  -0.509747  6.704992  
1.764156  -0.244237  6.392937  
-3.903347  2.069249  3.671035  
-2.291896  1.549300  3.593442  
-1.096883  2.527760  4.535990  
1.100265  2.589854  4.303058  
-0.905534  1.073000  5.423411  
0.617608  1.333459  6.111453  
-3.761239  1.858292  2.471949  
-6.011697  2.312362  1.670508  
-2.724505  0.057879  4.084594  
0.476859  -0.907014  6.409625  
-0.187233  -2.996349  5.899101  
-1.000555  -1.826555  6.363783  
-4.319081  2.506334  3.545166  
-3.097407  0.120744  3.721599  
-3.021557  1.063275  4.634597  
-2.754688  3.758024  2.368945  
-0.785728  3.018695  3.253139  
-1.406384  1.497893  3.796944  
-1.159292  1.217563  3.678105  
-0.584242  0.496462  4.856016  
-1.130281  1.173426  2.767822  
-3.803399  -0.106407  3.830326  
-2.520345  -0.388813  4.941597  
-3.176869  1.611540  2.584009  
-3.547313  1.213944  2.962776  
-1.534737  0.566790  2.956020  
-1.525180  1.021892  2.413723  
3.079852  -0.634019  6.771740  
-2.140943  -0.081844  4.250139  
-1.659786  3.747392  1.475937  
-5.041446  -1.135320  3.747057  
-2.791635  0.221689  3.805767  
0.796077  3.945592  3.173603  
-2.936903  1.685043  3.607742  
-3.624012  2.707505  1.113527  
-1.596216  1.187084  2.098608  
-2.071514  1.250085  3.080716  
1.960754  -1.344823  5.945989  
-4.215087  3.818210  1.127537  
-3.027135  1.696073  3.361244  
-1.425171  0.257231  4.337219  
-3.790742  0.396965  3.363037  
-4.447972  0.884478  1.905931  
-0.562643  1.590394  2.792133  
-1.182491  -0.240051  2.293237  
-1.298315  -0.509929  3.727063  
0.631422  3.084051  2.620371  
-0.947678  2.369103  2.828329  
-1.127679  0.067021  0.815318  
1.082052  0.649033  2.715205  
-2.015333  -0.853621  3.408017  
0.462802  3.844498  2.176498  
0.214966  0.718246  2.616810  
-2.940237  0.590879  2.871296  
-4.020678  0.364319  1.007540  
1.429223  1.345452  3.002830  
-1.613210  -1.925917  3.328227  
-2.448398  -3.656183  3.945546  
-1.065095  0.091087  -0.348200  
-4.188369  -2.320964  3.810375  
-2.121956  -3.653452  4.082711  
4.561582  -0.093372  4.841384  
-4.553205  -1.957436  3.453136  
0.350386  -2.555019  4.612189  
2.274310  1.422049  0.343555  
-5.860552  -2.105484  2.968706  
-0.171503  0.552340  1.218870  
-2.778680  -1.167651  2.697029  
-2.185212  0.176562  -1.030393  
0.998063  -2.105300  0.368518  
-3.274855  0.794487  1.694282  
3.056002  -2.963519  1.548453  
-1.151579  -0.546232  0.107056  
-1.506803  0.682702  1.097836  
-3.518733  -2.494350  0.119479  
-0.249288  -0.168972  -0.185378  
-1.304184  -4.772718  2.938347  
-2.970713  -2.916524  1.812536  
0.559082  -1.453836  0.015850  
4.192947  -0.275944  1.284711  
-1.607451  1.967669  -1.588536  
-1.958613  -4.075625  1.536634  
1.699561  -1.347395  1.848707  
0.824890  -0.555107  0.637461  
-6.120094  -1.852547  -1.251376  
-0.341469  0.511750  -0.291039  
-2.996985  -4.029074  1.014903  
-2.678864  1.439606  -3.211013  
-3.416883  3.370682  -3.284339  
1.526631  -3.028869  1.338110  
0.062995  -1.037337  -0.861881  
-6.172428  -1.512076  -1.677436  
-5.397944  1.177289  -2.875274  
-1.470127  -0.955685  1.228805  
-0.599141  -0.719985  -0.025122  
-1.609900  -4.747827  2.867817  
-1.740001  -2.906276  2.371676  
0.247773  -1.252953  -1.958153  
-1.274326  -1.106849  0.355584  
-2.188398  2.314420  -3.146322  
-0.846141  -0.945485  1.484569  
-3.562810  0.440665  -2.358301  
0.420092  -1.923747  -2.802508  
-4.970844  -0.031551  -2.154061  
-1.015517  2.632350  -3.185703  
0.781899  -2.275946  0.662616  
-2.864227  0.092848  -0.823962  
-0.669873  1.103853  -0.700537  
1.654761  -1.737231  -1.322671  
-0.804181  0.076072  -0.819521  
-1.272179  0.420740  -2.032726  
-4.480724  2.999546  -4.333991  
1.071620  -2.355328  -3.458354  
0.305262  2.260135  -4.336919  
0.126136  -1.714871  -3.680224  
-3.761835  -0.114956  -2.824273  
3.274000  1.640251  0.536586  
-1.280483  -2.840877  -3.136424  
-4.070538  -2.923753  -3.436633  
-2.974618  -1.048500  -2.707284  
-2.651711  -2.055591  -5.073375  
1.673852  -4.055164  -1.229551  
0.010884  -5.621891  2.873623  
-5.965433  -4.669295  -0.734203  
0.818342  0.258313  -3.966955  
2.010564  -7.075504  -0.460747  
-0.327979  -2.959934  -3.212232  
0.468584  -1.822882  -2.836007  
-3.793901  -1.191778  -4.228653  
-0.106257  -3.187924  -2.523373  
1.247996  -3.076550  -2.100984  
-0.906475  -1.857141  -2.829603  
-3.242275  -4.467773  -1.979656  
-1.202600  -2.176356  -4.772860  
1.938706  1.502671  -1.985514  
-1.455332  -4.515849  -2.407710  
2.379589  -0.888418  -3.647760  
1.192604  -1.951528  -3.711013  
1.132766  -4.260952  -2.559036  
-0.885171  -1.876891  -4.788385  
1.175413  -2.391488  -1.618127  
1.279827  -2.640705  -4.528920  
-1.062671  -4.633159  -2.160867  
0.949674  -1.802313  -2.551596  
-0.649447  -5.774381  -1.529198  
0.255151  -1.915316  -2.779429  
2.872118  -1.615041  -3.228693  
-0.717590  -3.954281  -3.500941  
2.040147  -0.817781  -5.444362  
1.103324  -2.536340  -3.390803  
1.167429  -1.265824  -2.839649  
1.810775  1.199472  -4.702465  
0.059195  -1.245033  -4.685217  
0.091278  -5.602193  -1.756927  
0.465603  -3.895145  -2.919471  
-0.448432  -3.957201  -3.433279  
1.055057  1.119448  -7.338346  
-0.873280  -5.601355  -2.267380  
-0.438818  -1.513388  -5.187193  
0.904492  -2.366276  -3.527999  
-0.054246  -1.811609  -3.070565  
1.203553  -2.585242  -4.594584  
2.815116  -1.815109  -3.009342  
-0.917059  -2.535656  -4.428217  
2.672217  -1.385967  -3.436188  
1.805633  -1.238970  -5.284314  
2.726474  -3.286523  -2.376252  
-0.918870  -1.440439  -5.075757  
1.451411  -2.345528  -4.335663  
0.712246  -3.441214  -3.766376  
1.740331  -0.321166  -4.435850  
0.838494  -2.327609  -3.579580  
1.932676  -1.054759  -5.350037  
3.166986  -2.560959  -3.921272  
1.688525  -2.883315  -5.249893  
1.246571  -2.930788  -4.312594  
4.650978  -0.968694  -2.604315  
1.707124  -3.113371  -5.258209  
-0.848586  -2.519461  -5.876116  
1.779279  -3.010640  -5.135255  
-1.192032  0.328851  -6.918337  
0.011227  -3.463977  -3.654090  
1.634205  -5.025849  -3.306410  
2.321129  -4.650156  -3.182278  
0.537318  -1.400034  -7.155235  
1.543894  -5.055249  -4.372634  
-3.244194  -3.553952  -5.739472  
0.248507  -1.562771  -7.215167  
2.229005  -1.657381  -5.913998  
3.085720  -3.108946  -4.271374  
4.052785  -3.924518  -3.175543  
1.857481  -7.840671  -3.392912  
2.055294  -3.323896  -6.021190  
0.032976  -2.244935  -6.665543  
2.233800  -3.617293  -5.864533  
-1.974203  -5.868776  -5.925911  
-0.311741  -3.584536  -6.015291  
1.130295  -2.020914  -5.165153  
3.157996  -1.796556  -5.278142  
2.578318  -3.869798  -4.564225  
2.316682  -1.441869  -5.882289  
0.618502  -4.904318  -5.660666  
1.465455  -2.515394  -4.235261  
-0.119862  -4.229204  -5.672876  
1.945663  -3.760092  -5.724611  
1.174651  -4.421391  -6.096745  
-0.137303  -2.900040  -6.423908  
3.124439  -4.116243  -4.215537  
2.192266  -1.124315  -6.133182  
0.668157  -5.015306  -4.846515  
0.886883  -2.883810  -5.919081  
4.365566  -1.881945  -6.384165  
1.561844  -2.965564  -5.262003  
6.683797  -2.256753  -5.472810  
0.399042  -4.277626  -5.194716  
0.158799  -4.746632  -5.223150  
2.809640  -2.796963  -4.868545  
3.483233  -1.991452  -5.146900  
0.409446  -2.462900  -6.484257  
4.725019  -2.617673  -7.067286  
1.718648  -1.576453  -7.284780  
0.813970  -3.187868  -6.433250  
1.208522  -4.067283  -6.232879  
3.557291  -2.216443  -6.307357  
2.206665  -3.865645  -6.761969  
-1.058389  -6.324677  -8.305650  
5.285278  -5.012789  -6.820374  
2.613633  -3.512142  -6.961990  
0.037802  -3.959820  -7.024824  
3.951245  0.097663  -7.868390  
2.463483  -5.779048  -4.751958  
1.088846  -3.648010  -5.491672  
1.982879  -3.263787  -6.090386  
-1.013136  -1.957002  -8.318238  
2.241512  -2.116990  -8.473666  
0.109027  0.461665  -9.758703  
5.418671  -2.544972  -6.941435  
0.840037  -2.173318  -7.472391  
3.956952  -2.831132  -8.506099  
-1.832562  -4.924218  -7.765916  
3.215209  -3.960113  -7.429849  
3.018020  -1.561305  -7.007446  
3.480326  -4.468681  -5.092023  
3.527972  -4.426095  -7.424075  
5.416917  -5.791290  -3.918309  
1.070674  -4.973219  -7.096392  
2.381491  -1.509504  -10.958452  
4.344481  -3.309324  -9.506910  
4.874104  -0.899258  -7.904409  
4.926692  -5.598752  -7.411559  
4.692162  -1.364366  -9.798635  
6.628914  -3.574632  -6.603633  
4.853258  -1.238197  -8.836528  
1.777258  -2.388912  -8.597919  
5.791183  -1.293876  -9.132262  
2.686474  -4.563103  -7.444524  
2.407221  -6.023330  -7.223984  
4.977277  -1.126675  -9.972037  
3.092106  -4.923442  -8.372190  
-0.569365  -5.908957  -9.577170  
-0.491139  -6.379310  -9.318685  
4.986100  -5.525403  -6.337296  
3.972856  -1.327161  -10.270148  
1.570406  -4.706297  -9.735426  
3.784490  -2.074394  -8.903926  
5.378436  -2.030956  -9.822578  
0.787066  -4.187474  -9.174163  
0.422441  -7.289526  -9.757130  
5.753180  -1.477075  -8.106396  
6.368397  -1.767841  -8.836001  
5.357282  -4.454753  -6.443920  
2.736377  -4.099530  -7.883646  
4.279218  -2.491345  -8.772398  
7.129252  -3.576989  -8.797815  
3.285051  -4.761909  -8.097828  
5.135406  -8.247710  -7.106255  
2.283242  -4.862168  -7.304497  
2.664805  -3.515429  -10.191658  
5.515670  -4.313032  -8.364219  
1.740873  -4.376256  -10.099387  
5.134718  -4.522480  -6.934496  
1.649349  -4.885222  -9.776845  
2.111784  -6.857200  -8.355322  
3.747060  -5.284566  -8.912910  
4.286132  -4.920420  -8.220024  
4.441387  -6.591059  -5.916782  
1.374027  -5.584519  -9.479263  
4.746673  -6.411602  -7.402340  
2.067134  -3.659707  -10.052666  
5.570229  -4.786037  -8.062033  
4.658082  -3.569344  -9.108845  
2.747035  -3.574804  -10.111970  
3.806539  -5.351437  -9.156213  
2.529448  -6.783515  -8.177819  
1.519269  -6.066632  -9.149383  
4.020508  -3.364732  -9.659829  
4.676726  -6.452141  -7.417801  
5.193356  -4.325524  -9.682082  
2.169861  -6.571294  -9.719637  
3.697731  -3.419343  -9.646753  
4.237148  -6.687653  -7.447267  
4.510749  -4.902270  -7.476921  
3.736453  -5.637501  -7.934414  
2.780082  -3.863154  -9.563684  
5.276605  -4.593417  -9.513759  
2.820218  -3.378003  -8.198571  
2.224115  -6.571392  -10.097123  
6.805075  -4.019006  -10.251478  
3.310085  -4.695171  -8.411275  
3.563523  -4.053134  -10.610257  
2.637667  -4.567597  -10.482783  
5.055880  -4.342205  -9.761585  
5.155071  -2.660298  -9.955540  
3.911016  -5.850805  -9.870873  
5.338785  -4.967919  -9.235456  
3.864344  -3.547580  -10.309823  
5.267328  -7.076925  -8.271433  
5.020785  -3.752468  -9.529147  
3.960349  -5.912842  -9.809473  
3.846543  -5.691640  -7.779251  
3.474325  -6.045030  -7.753016  
3.217479  -4.691156  -8.456316  
5.661985  -5.197089  -8.934766  
4.845581  -5.104214  -9.224073  
3.405130  -6.728421  -8.927443  
3.830167  -6.376644  -10.712825  
3.890556  -6.159480  -7.860417  
3.243634  -5.982704  -9.303510  
3.386890  -4.954031  -9.855008  
5.582631  -4.798471  -9.228138  
3.667325  -4.174392  -10.519067  
5.297001  -5.255683  -10.483905  
5.194934  -4.776877  -9.452668  
3.999156  -5.961303  -9.760854  
3.156059  -4.724087  -8.464507  
6.685185  -5.060142  -11.154391  
2.515562  -4.845994  -10.604951  
3.294291  -5.570159  -9.769623  
4.012830  -7.011756  -8.581905  
5.294683  -5.287153  -8.906068  
6.494540  -7.645764  -9.588231  
3.466803  -5.962942  -11.018587  
4.094785  -7.442256  -9.565346  
2.970575  -7.164202  -10.520466  
4.770247  -6.641555  -9.793944  
3.686117  -7.617714  -9.887795  
4.638514  -7.402393  -9.622280  
3.474403  -5.374049  -11.160367  
4.064343  -5.445622  -10.897668  
3.976466  -5.416502  -11.187200  
4.227423  -5.246675  -11.165203  
2.824837  -6.448800  -9.233457  
3.647444  -5.783983  -11.035589  
3.664601  -7.560017  -9.932160  
3.299739  -7.213553  -10.256382  
4.736858  -5.480871  -8.987915  
4.691990  -7.152740  -9.490879  
3.246775  -5.235086  -9.221914  
4.964360  -5.251029  -10.853778  
5.236202  -6.918957  -9.667932  
3.472707  -6.137700  -10.861764  
4.725835  -5.551076  -10.773932  
2.927622  -6.282487  -11.109497  
5.338103  -6.359029  -9.779081  
4.270852  -6.422960  -10.500086  
3.235719  -7.365513  -10.275910  
5.190303  -7.032412  -9.541771  
3.676920  -5.822041  -11.128570  
3.095759  -6.960848  -10.614575  
4.444555  -5.872235  -10.769411  
4.065379  -4.782129  -10.736427  
4.191737  -6.550040  -10.347894  
2.698113  -6.088903  -10.311857  
3.419886  -5.220213  -11.276161  
4.373392  -5.285237  -11.029215  
2.941473  -5.632556  -11.210822  
3.210448  -5.115510  -10.372554  
5.051163  -7.165406  -10.152246  
3.554647  -7.059167  -10.341420  
3.828268  -5.262909  -9.713875  
5.545483  -6.470547  -9.782749  
3.614863  -5.613726  -11.251467  
4.453260  -5.297745  -10.074987  
4.788173  -7.269853  -11.017477  
4.084434  -7.535865  -9.765968  
3.098626  -5.836856  -11.328749  
5.251693  -6.860364  -9.689580  
4.219078  -5.900104  -10.809737  
3.677648  -5.214605  -11.402619  
4.431392  -6.755590  -10.046117  
5.060389  -9.298368  -10.586982  
3.524602  -7.487378  -9.982915  
4.185083  -6.233430  -8.760270  
3.993248  -7.594111  -9.045555  
2.874363  -5.491470  -10.606101  
5.545438  -5.676599  -10.180520  
3.772685  -5.098996  -11.177419  
5.472726  -5.642455  -10.361507  
5.360174  -5.430015  -10.271132  
5.696035  -6.075822  -9.802874  
3.189177  -7.189763  -10.372411  
4.953637  -7.117827  -9.669686  
4.015738  -6.632013  -10.372191  
3.287340  -6.587058  -10.506189  
3.705146  -5.330482  -8.903936  
3.215563  -6.298206  -10.976863  
3.536908  -7.276239  -10.112583  
3.038182  -6.261265  -10.212105  
4.832540  -5.189022  -10.840126  
4.966383  -6.130596  -10.047384  
3.920164  -6.003082  -9.770319  
3.989889  -7.421331  -9.865651  
4.951520  -7.109579  -10.913162  
4.892800  -6.733077  -11.098852  
3.115957  -5.779429  -8.941955  
3.766344  -7.141596  -11.452087  
5.835458  -6.180673  -10.210414  
4.154880  -8.122637  -10.439736  
3.713451  -6.862171  -9.840120  
3.141818  -7.798560  -10.926802  
5.377180  -5.887533  -11.474213  
4.427034  -7.012544  -11.260759  
5.720227  -5.929957  -11.262960  
4.294904  -6.769445  -11.562301  
5.959171  -6.325197  -10.750907  
4.433384  -7.906843  -10.665119  
3.839050  -8.056013  -10.674980  
3.295268  -6.636695  -11.880161  
5.347983  -7.618706  -10.394819  
2.984540  -7.422661  -11.508164  
3.938586  -5.886838  -9.835799  
5.970464  -6.402798  -10.785194  
4.302388  -6.189957  -11.609235  
5.634216  -6.373473  -10.997663  
3.244002  -6.260829  -11.883316  
2.736597  -6.700615  -11.291416  
3.545033  -8.156641  -10.708910  
3.122504  -7.691990  -11.154942  
5.255489  -7.277229  -9.554277  
3.499262  -6.840030  -11.777920  
2.720105  -5.655095  -10.192695  
5.712121  -6.801121  -9.617951  
3.132689  -6.972692  -11.022400  
3.461146  -7.529998  -11.294445  
5.131643  -7.316179  -10.801990  
5.222407  -7.133988  -8.743259  
3.985251  -5.876940  -12.072133  
5.066370  -5.361327  -11.646701  
4.599504  -7.607082  -10.527916  
5.183736  -6.868339  -11.076589  
5.542154  -7.559283  -10.248695  
5.210365  -6.905332  -10.733749  
4.892154  -5.977681  -11.661327  
3.359595  -7.878932  -11.035199  
5.827534  -7.155563  -10.449071  
5.344940  -6.205392  -11.373059  
3.529838  -7.595335  -11.276246  
4.455540  -6.365233  -11.646138  
3.463492  -7.737662  -9.156596  
3.699954  -5.398795  -11.489973  
4.560348  -7.891669  -10.430080  
4.689200  -8.128866  -10.269027  
4.762568  -6.269972  -11.623572  
5.257448  -5.544419  -11.605503  
5.006133  -5.033992  -11.130457  
3.980382  -7.812510  -10.715617  
4.306816  -7.326507  -11.162437  
5.364941  -5.964056  -11.417591  
3.726036  -6.530706  -11.845026  
4.812561  -5.388000  -11.816246  
4.883009  -6.551756  -8.740088  
4.591820  -5.669246  -11.899227  
3.836187  -7.909095  -10.817222  
5.857498  -6.147316  -10.930465  
6.039085  -6.567416  -10.548424  
3.801029  -6.597855  -11.775166  
5.349273  -6.620984  -11.125638  
4.499343  -8.088268  -10.402577  
4.427521  -6.959621  -11.360446  
3.679752  -7.432715  -11.082891  
3.313327  -7.505399  -11.401120  
4.077734  -6.213081  -11.898126  
3.530168  -5.859084  -12.005993  
4.885345  -7.636144  -10.602101  
5.328141  -5.662412  -11.608709  
3.543430  -7.734121  -11.104287  
5.671941  -6.921982  -10.670315  
4.320122  -5.877970  -11.978492  
2.896657  -6.703332  -9.714946  
4.030310  -7.865893  -10.876730  
5.143293  -7.925121  -10.217880  
4.082982  -7.836175  -10.820735  
4.638108  -7.985549  -10.169329  
3.589195  -6.369342  -12.003946  
5.607609  -6.714091  -10.854109  
3.738686  -5.949644  -12.084127  
4.585589  -5.030261  -11.510123  
4.647479  -5.330124  -11.130385  
5.770127  -6.001787  -10.408723  
5.446529  -7.148416  -10.645999  
5.453513  -7.249473  -10.357775  
3.027052  -7.032177  -11.655293  
4.907280  -7.745252  -10.542828  
4.856075  -5.758075  -11.731055  
4.285630  -8.057943  -10.548512  
5.004111  -7.135485  -9.821738  
4.059129  -5.733482  -12.140825  
3.315492  -7.225657  -11.487548  
5.571387  -6.106467  -11.220980  
4.820625  -7.983658  -10.384703  
3.641771  -8.009957  -10.892280  
3.748381  -7.328348  -8.744415  
4.341361  -7.249874  -8.741220  
3.461800  -6.100493  -12.154391  
5.038323  -7.238280  -8.881907  
4.443295  -8.219874  -10.332935  
3.104156  -7.073801  -11.532859  
