0 0
1 -1
2 0
3 -1
4 0
5 1
6 1
7 2
8 2
9 2
10 2
11 3
12 4
13 3
14 3
15 4
16 4
17 4
18 5
19 5
20 5
21 5
22 5
23 6
24 7
25 6
26 7
27 6
28 7
29 7
30 7
31 8
32 8
33 8
34 8
35 8
36 8
37 8
38 8
39 8
40 8
41 7
42 8
43 8
44 9
45 8
46 9
47 9
48 10
49 10
50 9
51 10
52 10
53 10
54 10
55 10
56 10
57 10
58 10
59 10
60 10
61 10
62 10
63 10
64 11
65 11
66 11
67 11
68 11
69 12
70 12
71 12
72 12
73 13
74 13
75 13
76 13
77 13
78 13
79 13
80 13
81 14
82 13
83 14
84 13
85 12
86 13
87 13
88 13
89 13
90 13
91 12
92 13
93 13
94 13
95 13
96 13
97 14
98 14
99 14
100 14
101 14
102 14
103 14
104 14
105 14
106 14
107 14
108 14
109 14
110 14
111 15
112 14
113 14
114 15
115 15
116 15
117 15
118 16
119 15
120 15
121 15
122 16
123 16
124 16
125 16
126 16
127 16
128 16
129 16
130 16
131 16
132 16
133 16
134 16
135 16
136 16
137 16
138 16
139 16
140 16
141 16
142 16
143 16
144 16
145 16
146 16
147 16
148 16
149 15
150 16
151 16
152 16
153 16
154 16
155 16
156 16
157 16
158 16
159 16
160 16
161 16
162 16
163 17
164 16
165 16
