0 1.12
1 1.14
2 1.1
3 1.12
4 1.14
5 1.14
6 1.16
7 1.16
8 1.16
9 1.16
10 1.18
11 1.22
12 1.2
13 1.2
14 1.22
15 1.22
16 1.22
17 1.24
18 1.24
19 1.24
20 1.24
21 1.24
22 1.26
23 1.28
24 1.26
25 1.32
26 1.28
27 1.34
28 1.34
29 1.34
30 1.38
31 1.38
32 1.38
33 1.38
34 1.38
35 1.38
36 1.38
37 1.38
38 1.38
39 1.38
40 1.36
41 1.38
42 1.38
43 1.4
44 1.38
45 1.4
46 1.4
47 1.42
48 1.42
49 1.4
50 1.42
51 1.42
52 1.42
53 1.42
54 1.42
55 1.42
56 1.42
57 1.42
58 1.42
59 1.42
60 1.42
61 1.42
62 1.42
63 1.44
64 1.44
65 1.44
66 1.44
67 1.44
68 1.46
69 1.46
70 1.46
71 1.46
72 1.48
73 1.48
74 1.48
75 1.48
76 1.48
77 1.48
78 1.48
79 1.48
80 1.5
81 1.48
82 1.52
83 1.5
84 1.48
85 1.52
86 1.52
87 1.52
88 1.52
89 1.52
90 1.5
91 1.52
92 1.52
93 1.52
94 1.52
95 1.52
96 1.54
97 1.54
98 1.54
99 1.54
100 1.54
101 1.54
102 1.54
103 1.54
104 1.54
105 1.54
106 1.54
107 1.54
108 1.54
109 1.54
110 1.56
111 1.54
112 1.54
113 1.56
114 1.56
115 1.56
116 1.56
117 1.58
118 1.56
119 1.56
120 1.56
121 1.58
122 1.58
123 1.58
124 1.58
125 1.58
126 1.58
127 1.58
128 1.58
129 1.58
130 1.58
131 1.58
132 1.58
133 1.58
134 1.58
135 1.58
136 1.58
137 1.58
138 1.58
139 1.58
140 1.58
141 1.58
142 1.58
143 1.58
144 1.58
145 1.58
146 1.58
147 1.58
148 1.56
149 1.58
150 1.58
151 1.58
152 1.58
153 1.58
154 1.58
155 1.58
156 1.58
157 1.58
158 1.58
159 1.58
160 1.58
161 1.58
162 1.6
163 1.58
164 1.58
