0 104
1 96
2 114
3 100
4 94
5 104
6 106
7 92
8 100
9 102
10 102
11 112
12 98
13 92
14 106
15 96
16 100
17 102
18 100
19 102
20 104
21 112
22 114
23 102
24 98
25 104
26 102
27 108
28 104
29 100
30 106
31 106
32 104
33 106
34 110
35 108
36 102
37 108
38 106
39 110
40 106
41 112
42 110
43 106
44 108
45 110
46 110
47 112
48 110
49 112
50 114
51 106
52 110
53 112
54 104
55 114
56 110
57 112
58 112
59 114
60 112
61 116
62 112
63 112
64 116
65 114
66 116
67 112
68 114
69 114
70 114
71 114
72 114
73 110
74 110
75 114
76 112
77 116
78 114
79 116
80 114
81 112
82 114
83 114
84 116
85 116
86 114
87 118
88 118
89 114
90 116
91 114
92 114
93 118
94 114
95 116
96 122
97 118
98 118
99 116
100 120
101 118
102 116
103 114
104 116
105 118
106 114
107 116
108 116
109 116
110 118
111 116
112 114
113 118
114 118
115 120
116 116
117 118
118 122
119 116
120 116
121 120
122 120
123 120
124 122
125 118
126 120
127 122
128 120
129 122
130 118
131 122
132 124
133 122
134 118
135 122
136 118
137 118
138 122
139 120
140 122
141 124
142 122
143 122
144 124
145 124
146 124
147 124
148 124
149 122
150 124
151 122
152 120
153 124
154 122
155 124
156 124
157 124
158 124
159 124
160 120
161 124
162 124
163 124
164 124
165 120
166 126
167 122
168 128
169 122
170 122
171 122
172 124
173 126
174 124
175 122
176 126
177 124
178 124
179 126
180 124
181 126
182 126
183 124
184 126
185 128
186 132
187 122
188 128
189 124
190 128
191 124
192 124
193 128
194 126
195 124
196 130
197 126
198 128
199 126
200 134
201 124
202 128
203 134
204 128
205 128
206 126
207 124
208 126
209 132
210 130
211 130
212 134
213 132
214 128
215 130
216 126
217 132
218 132
219 132
220 132
221 132
222 130
223 132
224 138
225 128
226 134
227 134
228 128
229 138
230 132
231 134
232 132
233 132
234 136
235 130
236 132
237 134
238 138
239 134
240 138
241 134
242 134
243 130
244 134
245 138
246 134
247 138
248 134
249 134
250 132
251 132
252 136
253 138
254 138
255 132
256 134
257 134
258 138
259 136
260 136
261 136
262 134
263 138
264 136
265 138
266 138
267 134
268 134
269 136
270 138
271 136
272 134
273 138
274 138
275 136
276 136
277 134
278 134
279 138
280 134
281 136
282 136
283 134
284 138
285 134
286 136
287 138
288 138
289 138
290 134
291 138
292 134
293 138
294 138
295 136
296 138
297 138
298 138
299 138
300 140
301 136
302 138
303 134
304 138
305 134
306 136
307 138
308 134
309 138
310 134
311 140
312 136
313 138
314 138
315 134
316 138
317 140
318 138
319 138
320 136
321 138
322 138
323 138
324 138
325 134
326 140
327 138
328 138
329 140
330 134
331 138
332 142
333 136
334 140
335 136
336 134
337 136
338 140
339 140
340 142
341 138
342 140
343 140
344 140
345 140
346 140
347 136
348 140
349 140
350 140
351 142
352 140
353 138
354 140
355 140
356 140
357 140
358 140
359 140
360 140
361 136
362 136
363 142
364 142
365 140
366 136
367 142
368 136
369 142
370 142
371 140
372 138
373 140
374 140
375 138
376 140
377 138
378 142
379 142
380 140
381 142
382 142
383 138
384 142
385 142
386 142
387 142
388 140
389 142
390 138
391 142
392 142
393 138
394 138
395 142
396 142
397 142
398 142
399 138
400 140
401 140
402 142
403 142
404 140
405 142
406 142
407 142
408 138
409 142
410 138
411 142
412 138
413 142
414 142
415 138
416 138
417 142
418 142
419 142
420 142
421 142
422 142
423 142
424 140
425 138
426 142
427 142
428 142
429 140
430 142
431 138
432 140
433 138
434 142
435 142
436 144
437 140
438 140
439 138
440 138
441 142
442 142
443 144
444 142
445 144
446 140
447 138
448 142
449 144
450 144
451 140
452 144
453 140
454 146
455 146
456 140
457 140
458 142
459 142
460 144
461 142
462 142
463 144
464 144
465 142
466 146
467 146
468 146
469 142
470 144
471 142
472 140
473 146
474 142
475 146
476 146
477 142
478 144
479 148
480 142
481 142
482 146
483 144
484 142
485 144
486 146
487 144
488 146
489 148
490 146
491 146
492 148
493 146
494 144
495 146
496 148
497 144
498 144
499 146
500 144
501 146
502 146
503 148
504 146
505 144
506 148
507 146
508 146
509 144
510 146
511 148
512 148
513 148
514 148
515 148
516 148
517 148
518 144
519 148
520 148
521 148
522 144
523 148
524 146
525 148
526 148
527 144
528 144
529 144
530 148
531 144
532 148
533 144
534 150
535 144
536 148
537 144
538 146
539 148
540 148
541 144
542 148
543 148
544 144
545 144
546 148
547 146
548 150
549 144
550 144
551 152
552 144
553 144
554 144
555 148
556 144
557 150
558 148
559 148
560 146
561 146
562 148
563 146
564 150
565 150
566 152
567 148
568 148
569 150
570 148
571 150
572 150
573 152
574 146
575 148
576 148
577 148
578 150
579 152
580 152
581 150
582 148
583 146
584 146
585 150
586 150
587 152
588 150
589 148
590 150
591 148
592 150
593 152
594 148
595 150
596 150
597 148
598 148
599 148
600 150
601 150
602 152
603 150
604 152
605 148
606 152
607 152
608 150
609 152
610 150
611 152
612 152
613 150
614 148
615 148
616 152
617 148
618 152
619 150
620 150
621 150
622 148
623 152
624 152
625 150
626 150
627 154
628 148
629 148
630 150
631 152
632 148
633 154
634 152
635 152
636 150
637 148
638 154
639 148
640 152
641 152
642 152
643 150
644 152
645 148
646 154
647 152
648 154
649 152
650 152
651 148
652 152
653 148
654 150
655 150
656 150
657 150
658 154
659 152
660 154
661 154
662 152
663 150
664 154
665 152
666 150
667 150
668 154
669 150
670 154
671 150
672 152
673 152
674 154
675 152
676 154
677 154
678 152
679 154
680 154
681 150
682 154
683 150
684 152
685 154
686 154
687 150
688 154
689 154
690 154
691 154
692 154
693 154
694 154
695 154
696 154
697 154
698 152
699 152
700 150
701 150
702 152
703 150
704 154
705 150
706 150
707 152
708 150
709 150
710 152
711 150
712 152
713 154
714 152
715 150
716 150
717 154
718 156
719 152
720 150
721 152
722 152
723 152
724 152
725 150
726 150
727 154
728 154
729 152
730 152
731 152
732 152
733 152
734 156
735 154
736 150
737 154
738 154
739 152
740 154
741 150
742 154
743 154
744 154
745 152
746 154
747 152
748 158
749 154
750 154
751 156
752 156
753 156
754 152
755 156
756 152
757 154
758 152
759 156
760 152
761 152
762 154
763 156
764 156
765 156
766 154
767 154
768 154
769 152
770 158
771 154
772 152
773 156
774 154
775 152
776 152
777 158
778 154
779 156
780 156
781 156
782 158
783 156
784 154
785 158
786 154
787 154
788 156
789 156
790 156
791 158
792 156
793 156
794 156
795 154
796 154
797 158
798 158
799 158
800 156
801 156
802 154
803 158
804 156
805 154
806 158
807 154
808 156
809 154
810 158
811 158
812 156
813 158
814 158
815 156
816 156
817 156
818 154
819 158
820 156
821 158
822 154
823 158
824 158
825 158
826 158
827 158
828 154
829 154
830 158
831 156
832 156
833 158
834 156
835 154
836 154
837 156
838 158
839 158
840 158
841 156
842 158
843 154
844 158
845 158
846 156
847 158
848 154
849 156
850 154
851 156
852 154
853 156
854 156
855 158
856 156
857 154
858 158
859 158
860 158
861 154
862 158
863 156
864 156
865 158
866 154
867 154
868 158
869 158
870 154
871 156
872 156
873 156
874 154
875 154
876 154
877 158
878 156
879 158
880 156
881 154
882 156
883 158
884 156
885 158
886 158
887 154
888 158
889 158
890 158
891 158
892 154
893 156
894 154
895 154
896 156
897 158
898 154
899 156
900 156
901 158
902 158
903 154
904 158
905 156
906 154
907 158
908 156
909 156
910 158
911 158
912 154
913 156
914 154
915 158
916 154
917 158
918 156
919 154
920 154
921 156
922 154
923 154
924 156
925 154
926 158
927 154
928 156
929 158
930 156
931 154
932 158
933 156
934 158
935 154
936 158
937 158
938 156
939 154
940 156
941 156
942 154
943 158
944 158
945 156
946 154
947 158
948 156
949 156
950 156
951 158
952 158
953 156
954 154
955 154
956 154
957 154
958 156
959 156
960 156
961 156
962 158
963 154
964 154
965 154
966 156
967 158
968 154
969 158
970 158
971 156
972 156
973 158
974 158
975 158
976 158
977 154
978 154
979 154
980 158
981 156
982 154
983 154
984 154
985 160
986 156
987 154
988 158
989 156
990 154
991 158
992 156
993 156
994 154
995 154
996 156
997 156
998 158
999 156
