0 -0.0175439
1 0.0178571
2 -0.0350877
3 0.0181818
4 0.0178571
5 0
6 0.0175439
7 0
8 0
9 0
10 0.0172414
11 0.0338983
12 -0.0163934
13 0
14 0.0166667
15 0
16 0
17 0.0163934
18 0
19 0
20 0
21 0
22 0.016129
23 0.015873
24 -0.015625
25 0.047619
26 -0.030303
27 0.046875
28 0
29 0
30 0.0298507
31 0
32 0
33 0
34 0
35 0
36 0
37 0
38 0
39 0
40 -0.0144928
41 0.0147059
42 0
43 0.0144928
44 -0.0142857
45 0.0144928
46 0
47 0.0142857
48 0
49 -0.0140845
50 0.0142857
51 0
52 0
53 0
54 0
55 0
56 0
57 0
58 0
59 0
60 0
61 0
62 0
63 0.0140845
64 0
65 0
66 0
67 0
68 0.0138889
69 0
70 0
71 0
72 0.0136986
73 0
74 0
75 0
76 0
77 0
78 0
79 0
80 0.0135135
81 -0.0133333
82 0.027027
83 -0.0131579
84 -0.0133333
85 0.027027
86 0
87 0
88 0
89 0
90 -0.0131579
91 0.0133333
92 0
93 0
94 0
95 0
96 0.0131579
97 0
98 0
99 0
100 0
101 0
102 0
103 0
104 0
105 0
106 0
107 0
108 0
109 0
110 0.012987
111 -0.0128205
112 0
113 0.012987
114 0
115 0
116 0
117 0.0128205
118 -0.0126582
119 0
120 0
121 0.0128205
122 0
123 0
124 0
125 0
126 0
127 0
128 0
129 0
130 0
131 0
132 0
133 0
134 0
135 0
136 0
137 0
138 0
139 0
140 0
141 0
142 0
143 0
144 0
145 0
146 0
147 0
148 -0.0126582
149 0.0128205
150 0
151 0
152 0
153 0
154 0
155 0
156 0
157 0
158 0
159 0
160 0
161 0
162 0.0126582
163 -0.0125
164 0
