0 4.05578e-320
1 114
2 114
3 114
4 114
5 114
6 114
7 114
8 116
9 116
10 116
11 116
12 118
13 122
14 122
15 122
16 122
17 122
18 122
19 124
20 124
21 124
22 124
23 124
24 126
25 128
26 128
27 132
28 132
29 134
30 134
31 134
32 138
33 138
34 138
35 138
36 138
37 138
38 138
39 138
40 138
41 138
42 138
43 138
44 138
45 140
46 140
47 140
48 140
49 142
50 142
51 142
52 142
53 142
54 142
55 142
56 142
57 142
58 142
59 142
60 142
61 142
62 142
63 142
64 142
65 144
66 144
67 144
68 144
69 144
70 146
71 146
72 146
73 146
74 148
75 148
76 148
77 148
78 148
79 148
80 148
81 148
82 150
83 150
84 152
85 152
86 152
87 152
88 152
89 152
90 152
91 152
92 152
93 152
94 152
95 152
96 152
97 152
98 154
99 154
100 154
101 154
102 154
103 154
104 154
105 154
106 154
107 154
108 154
109 154
110 154
111 154
112 156
113 156
114 156
115 156
116 156
117 156
118 156
119 158
120 158
121 158
122 158
123 158
124 158
125 158
126 158
127 158
128 158
129 158
130 158
131 158
132 158
133 158
134 158
135 158
136 158
137 158
138 158
139 158
140 158
141 158
142 158
143 158
144 158
145 158
146 158
147 158
148 158
149 158
150 158
151 158
152 158
153 158
154 158
155 158
156 158
157 158
158 158
159 158
160 158
161 158
162 158
163 158
164 160
165 160
166 160
