0 0
1 2
2 0
3 2
4 2
5 0
6 2
7 0
8 0
9 0
10 2
11 4
12 0
13 0
14 2
15 0
16 0
17 2
18 0
19 0
20 0
21 0
22 2
23 2
24 0
25 6
26 0
27 6
28 0
29 0
30 4
31 0
32 0
33 0
34 0
35 0
36 0
37 0
38 0
39 0
40 0
41 2
42 0
43 2
44 0
45 2
46 0
47 2
48 0
49 0
50 2
51 0
52 0
53 0
54 0
55 0
56 0
57 0
58 0
59 0
60 0
61 0
62 0
63 2
64 0
65 0
66 0
67 0
68 2
69 0
70 0
71 0
72 2
73 0
74 0
75 0
76 0
77 0
78 0
79 0
80 2
81 0
82 4
83 0
84 0
85 4
86 0
87 0
88 0
89 0
90 0
91 2
92 0
93 0
94 0
95 0
96 2
97 0
98 0
99 0
100 0
101 0
102 0
103 0
104 0
105 0
106 0
107 0
108 0
109 0
110 2
111 0
112 0
113 2
114 0
115 0
116 0
117 2
118 0
119 0
120 0
121 2
122 0
123 0
124 0
125 0
126 0
127 0
128 0
129 0
130 0
131 0
132 0
133 0
134 0
135 0
136 0
137 0
138 0
139 0
140 0
141 0
142 0
143 0
144 0
145 0
146 0
147 0
148 0
149 2
150 0
151 0
152 0
153 0
154 0
155 0
156 0
157 0
158 0
159 0
160 0
161 0
162 2
163 0
164 0
