0 0
1 -2.5
2 -0.870829
3 -0.518294
4 -0.367782
5 -0.284735
6 -0.232191
7 -0.219014
8 -0.189207
9 -0.166529
10 -0.148698
11 -0.146523
12 -0.152649
13 -0.140121
14 -0.129492
15 -0.12036
16 -0.11243
17 -0.10548
18 -0.104665
19 -0.0988928
20 -0.0937235
21 -0.0890676
22 -0.084852
23 -0.084786
24 -0.0844572
25 -0.0809458
26 -0.0832638
27 -0.0800597
28 -0.0794276
29 -0.0765865
30 -0.0739415
31 -0.0753243
32 -0.0728867
33 -0.0706018
34 -0.0684558
35 -0.0664364
36 -0.0645327
37 -0.0627349
38 -0.0610347
39 -0.0594241
40 -0.0578963
41 -0.0564451
42 -0.0550648
43 -0.0537504
44 -0.053725
45 -0.0525003
46 -0.0513302
47 -0.0502111
48 -0.0502067
49 -0.0491573
50 -0.0481508
51 -0.0471848
52 -0.0462567
53 -0.0453644
54 -0.0445059
55 -0.0436793
56 -0.0428828
57 -0.0421149
58 -0.041374
59 -0.0406586
60 -0.0399676
61 -0.0392997
62 -0.0386538
63 -0.0380287
64 -0.0381779
65 -0.0375796
66 -0.0369998
67 -0.0364376
68 -0.0358923
69 -0.0360302
70 -0.0355065
71 -0.0349978
72 -0.0345034
73 -0.0346258
74 -0.03415
75 -0.0336871
76 -0.0332365
77 -0.0327979
78 -0.0323707
79 -0.0319544
80 -0.0315488
81 -0.0316731
82 -0.0312808
83 -0.0313855
84 -0.0310061
85 -0.0306358
86 -0.0302742
87 -0.0299211
88 -0.0295761
89 -0.029239
90 -0.0289094
91 -0.0285872
92 -0.0282722
93 -0.027964
94 -0.0276624
95 -0.0273673
96 -0.0270784
97 -0.0271951
98 -0.0269139
99 -0.0266384
100 -0.0263686
101 -0.0261041
102 -0.0258449
103 -0.0255908
104 -0.0253416
105 -0.0250973
106 -0.0248576
107 -0.0246224
108 -0.0243917
109 -0.0241652
110 -0.023943
111 -0.0240602
112 -0.0238428
113 -0.0236293
114 -0.0234197
115 -0.0232137
116 -0.0230113
117 -0.0228124
118 -0.022921
119 -0.0227262
120 -0.0225347
121 -0.0223464
122 -0.0221612
123 -0.0219791
124 -0.0217999
125 -0.0216237
126 -0.0214502
127 -0.0212795
128 -0.0211115
129 -0.0209462
130 -0.0207834
131 -0.0206231
132 -0.0204653
133 -0.0203099
134 -0.0201568
135 -0.020006
136 -0.0198574
137 -0.0197111
138 -0.0195669
139 -0.0194247
140 -0.0192847
141 -0.0191466
142 -0.0190105
143 -0.0188763
144 -0.018744
145 -0.0186135
146 -0.0184849
147 -0.018358
148 -0.0182328
149 -0.0181093
150 -0.0179875
151 -0.0178673
152 -0.0177488
153 -0.0176317
154 -0.0175162
155 -0.0174023
156 -0.0172897
157 -0.0171787
158 -0.017069
159 -0.0169608
160 -0.0168539
161 -0.0167483
162 -0.0166441
163 -0.0167526
164 -0.0166496
165 -0.0165478
