0 0.57
1 0.57
2 0.44
3 0.49
4 0.58
5 0.51
6 0.57
7 0.57
8 0.55
9 0.56
10 0.55
11 0.58
12 0.52
13 0.53
14 0.54
15 0.54
16 0.53
17 0.53
18 0.53
19 0.52
20 0.55
21 0.53
22 0.54
23 0.56
24 0.56
25 0.51
26 0.54
27 0.51
28 0.56
29 0.5
30 0.5
31 0.52
32 0.51
33 0.51
34 0.51
35 0.5
36 0.5
37 0.5
38 0.51
39 0.53
40 0.5
41 0.52
42 0.52
43 0.52
44 0.5
45 0.51
46 0.49
47 0.52
48 0.48
49 0.48
50 0.49
51 0.51
52 0.49
53 0.48
54 0.49
55 0.48
56 0.49
57 0.48
58 0.48
59 0.49
60 0.49
61 0.5
62 0.51
63 0.52
64 0.48
65 0.5
66 0.48
67 0.49
68 0.51
69 0.49
70 0.47
71 0.47
72 0.5
73 0.5
74 0.48
75 0.47
76 0.49
77 0.48
78 0.49
79 0.49
80 0.49
81 0.49
82 0.5
83 0.51
84 0.48
85 0.45
86 0.49
87 0.5
88 0.5
89 0.47
90 0.47
91 0.44
92 0.47
93 0.49
94 0.46
95 0.45
96 0.48
97 0.46
98 0.47
99 0.47
100 0.45
101 0.45
102 0.47
103 0.45
104 0.46
105 0.46
106 0.45
107 0.45
108 0.48
109 0.44
110 0.46
111 0.45
112 0.45
113 0.44
114 0.46
115 0.46
116 0.43
117 0.46
118 0.46
119 0.44
120 0.44
121 0.47
122 0.45
123 0.46
124 0.44
125 0.46
126 0.44
127 0.44
128 0.44
129 0.47
130 0.46
131 0.46
132 0.47
133 0.48
134 0.46
135 0.49
136 0.45
137 0.47
138 0.44
139 0.48
140 0.46
141 0.46
142 0.44
143 0.48
144 0.48
145 0.47
146 0.45
147 0.45
148 0.47
149 0.46
150 0.46
151 0.46
152 0.44
153 0.45
154 0.46
155 0.46
156 0.46
157 0.44
158 0.44
159 0.44
160 0.44
161 0.44
162 0.44
163 0.46
164 0.46
