2 4 0 6 12 14 12 16 10 16 14 14 16 16 16 20 22 24 18 22 24 24 24 22 26 24 28 30 34 30 32 34 36 34 36 38 38 34 34 36 34 38 38 38 38 38 40 38 34 40 40 40 42 38 40 40 42 42 42 38 38 42 42 38 40 42 40 40 46 42 46 46 48 42 46 44 44 48 48 48 44 46 48 44 48 50 50 48 50 50 48 50 52 52 48 50 54 52 52 54 48 54 50 52 54 52 54 52 54 50 50 52 52 52 54 54 54 58 56 54 54 52 56 56 56 56 54 56 54 58 56 58 58 56 58 58 54 58 56 58 54 58 54 56 56 58 58 58 54 58 56 56 56 56 58 58 54 58 54 56 58 54 54 54 54 
12 12 6 10 10 10 16 12 10 14 18 18 20 16 18 22 20 22 22 24 24 24 24 28 24 26 24 26 28 34 32 34 30 38 38 36 36 34 38 34 36 34 34 38 34 34 38 38 36 40 42 40 36 40 38 42 40 42 40 42 42 42 42 40 40 44 38 44 46 44 42 42 42 44 46 44 48 48 48 46 48 48 46 44 48 50 50 50 50 48 50 50 48 50 48 48 48 52 50 52 50 54 50 54 50 54 54 52 50 52 50 50 50 52 50 50 54 54 56 52 56 58 54 58 54 56 54 54 58 58 56 54 58 56 58 56 56 54 56 58 54 56 58 54 58 54 58 54 56 54 54 58 54 56 56 56 56 54 58 56 58 58 60 58 54 
-2 14 6 6 12 12 12 14 14 12 18 14 18 16 22 18 22 18 20 24 24 24 24 22 22 26 28 28 28 32 32 28 32 34 38 36 38 36 38 34 36 36 38 38 38 40 38 40 40 40 40 40 42 40 42 42 42 42 42 38 42 42 42 38 38 38 42 40 40 44 44 46 42 46 48 46 46 48 44 48 44 48 50 44 46 52 52 52 52 50 50 52 52 52 52 52 48 50 52 54 50 52 54 52 54 54 54 50 50 50 54 52 50 52 54 54 52 54 52 56 56 54 52 52 58 56 58 58 54 56 54 54 58 58 56 58 56 58 58 54 58 58 58 54 54 58 54 58 54 56 58 54 54 54 54 54 56 54 58 58 54 56 56 56 56 
-8 2 4 12 14 12 12 14 12 14 14 16 16 18 16 20 18 22 22 22 22 24 24 22 26 24 24 26 26 28 30 38 34 38 32 36 38 38 36 38 34 38 38 38 34 36 36 34 40 40 38 36 42 38 42 38 38 42 42 42 38 42 40 42 38 38 44 44 40 42 42 46 46 44 46 44 46 48 48 48 50 44 44 48 46 48 46 52 50 52 48 50 52 52 48 52 50 48 48 52 50 50 50 54 50 50 54 50 52 52 56 52 54 52 54 54 54 56 56 52 56 52 52 52 54 58 58 56 56 58 58 58 58 56 58 54 58 58 54 56 56 58 58 56 56 56 56 56 54 58 58 58 58 58 58 54 56 54 54 58 54 54 54 56 56 
6 -2 6 10 6 14 16 14 16 14 16 22 14 16 16 16 22 18 24 24 24 24 20 22 24 26 24 34 24 30 32 32 38 34 34 34 34 36 36 36 36 38 36 40 36 38 38 38 42 36 40 36 40 40 40 42 42 38 42 42 38 42 42 42 42 42 44 44 42 46 40 42 44 46 44 46 44 48 48 44 44 48 44 44 48 48 48 50 48 48 48 48 50 50 52 50 52 54 54 52 50 54 54 54 54 54 54 52 50 54 54 52 54 52 52 52 52 52 52 52 54 54 58 58 54 56 58 58 54 58 56 56 58 54 54 56 56 56 54 56 58 58 58 58 58 54 54 54 56 56 56 58 58 58 56 54 56 56 56 56 56 54 58 58 58 
-4 4 10 6 10 10 14 14 14 16 14 18 16 14 20 20 20 20 22 22 22 20 26 24 24 28 28 24 26 26 38 34 34 34 34 34 34 34 34 34 34 38 38 36 38 38 38 42 38 40 40 42 42 42 42 42 42 40 40 40 42 42 42 44 42 42 42 42 42 46 46 44 44 48 46 46 46 46 48 44 48 48 52 50 46 50 48 48 48 48 48 48 48 48 50 50 48 48 48 48 54 52 50 52 52 54 54 50 50 52 52 52 52 56 56 56 56 56 56 56 54 54 54 54 54 56 56 56 56 56 56 56 54 54 58 54 54 54 54 56 56 56 54 54 54 58 58 58 54 54 54 54 54 54 56 56 56 58 58 58 58 58 56 56 56 
0 2 8 8 12 12 12 14 14 16 16 18 18 18 20 20 20 20 20 20 20 20 20 20 26 32 26 28 32 32 28 32 38 32 32 32 32 32 32 32 32 34 34 34 34 34 38 36 40 40 40 42 42 42 42 42 38 40 40 40 40 40 40 40 44 44 44 44 44 44 44 44 44 44 48 48 48 48 44 44 44 44 44 44 44 48 48 46 46 46 46 46 46 46 50 50 54 52 52 52 52 52 52 54 54 54 54 54 54 54 54 54 54 54 54 54 54 54 54 54 54 54 56 56 56 56 56 56 56 56 56 56 54 56 56 56 58 58 58 54 54 54 54 56 56 56 56 56 56 56 56 56 56 56 56 56 56 56 56 56 56 56 56 56 56 
2 8 2 10 4 4 4 4 4 4 4 4 14 18 18 18 18 18 18 18 24 24 24 24 24 22 24 24 30 32 32 32 34 32 32 32 32 32 32 32 32 32 32 32 32 38 38 40 40 40 40 40 40 40 40 40 38 42 42 42 42 38 38 38 38 38 38 38 42 42 42 42 42 42 42 46 46 46 46 48 48 44 44 44 44 44 44 46 46 46 46 46 46 46 46 46 46 52 52 52 52 52 52 52 52 54 54 54 54 54 54 54 54 54 54 54 54 54 54 54 54 54 56 56 56 56 56 56 56 56 56 56 58 58 58 58 58 58 58 58 56 56 56 56 56 56 56 56 56 56 56 56 56 56 58 58 58 58 58 58 58 58 58 58 58 
0 4 8 10 10 10 10 10 10 10 10 10 10 20 20 20 20 20 20 20 22 22 22 22 22 22 22 22 22 22 22 22 34 34 34 34 34 34 34 34 34 34 34 34 34 34 34 36 36 36 36 36 36 36 36 36 36 36 36 36 36 36 36 36 36 36 36 36 36 36 36 36 36 36 36 36 36 36 36 36 36 36 36 36 36 36 36 36 36 36 36 36 36 36 36 36 36 36 36 36 36 36 36 36 36 36 36 36 36 36 36 36 36 36 36 36 36 36 36 36 36 36 36 36 36 36 36 36 36 36 36 36 36 36 36 36 36 36 36 36 36 36 36 36 36 36 36 36 36 36 36 36 36 36 36 36 36 36 36 36 36 36 36 36 36 
2 2 2 2 2 2 2 2 2 2 2 2 2 2 2 2 2 2 2 2 2 2 2 2 2 2 2 2 2 2 2 2 30 30 30 30 30 30 30 30 30 30 30 30 30 30 40 40 40 40 40 40 40 40 40 40 40 40 40 40 40 40 40 40 40 40 40 40 40 40 40 40 40 40 40 40 40 40 40 40 40 40 40 40 40 40 40 40 40 40 40 40 40 40 40 40 40 40 40 40 40 40 40 40 40 40 40 40 40 40 40 40 40 40 40 40 40 40 40 40 40 40 40 40 40 40 40 40 40 40 40 40 40 40 40 40 40 40 40 40 40 40 40 40 40 40 40 40 40 40 40 40 40 40 40 40 40 40 40 40 40 40 40 40 40 
