0 -0.12
1 -0.14
2 -0.1
3 -0.12
4 -0.14
5 -0.14
6 -0.16
7 -0.16
8 -0.16
9 -0.16
10 -0.18
11 -0.22
12 -0.2
13 -0.2
14 -0.22
15 -0.22
16 -0.22
17 -0.24
18 -0.24
19 -0.24
20 -0.24
21 -0.24
22 -0.26
23 -0.28
24 -0.26
25 -0.32
26 -0.28
27 -0.34
28 -0.34
29 -0.34
30 -0.38
31 -0.38
32 -0.38
33 -0.38
34 -0.38
35 -0.38
36 -0.38
37 -0.38
38 -0.38
39 -0.38
40 -0.36
41 -0.38
42 -0.38
43 -0.4
44 -0.38
45 -0.4
46 -0.4
47 -0.42
48 -0.42
49 -0.4
50 -0.42
51 -0.42
52 -0.42
53 -0.42
54 -0.42
55 -0.42
56 -0.42
57 -0.42
58 -0.42
59 -0.42
60 -0.42
61 -0.42
62 -0.42
63 -0.44
64 -0.44
65 -0.44
66 -0.44
67 -0.44
68 -0.46
69 -0.46
70 -0.46
71 -0.46
72 -0.48
73 -0.48
74 -0.48
75 -0.48
76 -0.48
77 -0.48
78 -0.48
79 -0.48
80 -0.5
81 -0.48
82 -0.52
83 -0.5
84 -0.48
85 -0.52
86 -0.52
87 -0.52
88 -0.52
89 -0.52
90 -0.5
91 -0.52
92 -0.52
93 -0.52
94 -0.52
95 -0.52
96 -0.54
97 -0.54
98 -0.54
99 -0.54
100 -0.54
101 -0.54
102 -0.54
103 -0.54
104 -0.54
105 -0.54
106 -0.54
107 -0.54
108 -0.54
109 -0.54
110 -0.56
111 -0.54
112 -0.54
113 -0.56
114 -0.56
115 -0.56
116 -0.56
117 -0.58
118 -0.56
119 -0.56
120 -0.56
121 -0.58
122 -0.58
123 -0.58
124 -0.58
125 -0.58
126 -0.58
127 -0.58
128 -0.58
129 -0.58
130 -0.58
131 -0.58
132 -0.58
133 -0.58
134 -0.58
135 -0.58
136 -0.58
137 -0.58
138 -0.58
139 -0.58
140 -0.58
141 -0.58
142 -0.58
143 -0.58
144 -0.58
145 -0.58
146 -0.58
147 -0.58
148 -0.56
149 -0.58
150 -0.58
151 -0.58
152 -0.58
153 -0.58
154 -0.58
155 -0.58
156 -0.58
157 -0.58
158 -0.58
159 -0.58
160 -0.58
161 -0.58
162 -0.6
163 -0.58
164 -0.58
