0 0
1 1
2 0
3 1
4 0
5 -1
6 0
7 1
8 2
9 3
10 2
11 2
12 3
13 4
14 4
15 4
16 5
17 5
18 6
19 6
20 6
21 7
22 8
23 7
24 8
25 9
26 10
27 11
28 11
29 11
30 12
31 13
32 13
33 13
34 14
35 15
36 16
37 16
38 17
39 18
40 18
41 19
42 19
43 19
44 18
45 18
46 19
47 19
48 20
49 19
50 20
51 20
52 21
53 22
54 22
55 21
56 22
57 22
58 23
59 23
60 23
61 23
62 23
63 23
64 23
65 23
66 23
67 23
68 23
69 23
70 23
71 23
72 23
73 23
74 24
75 23
76 23
77 24
78 24
79 24
80 24
81 24
82 24
83 24
84 24
85 24
86 24
87 24
88 24
89 24
90 24
91 24
92 24
93 24
94 25
95 24
96 24
97 24
98 25
99 24
100 25
101 25
102 25
103 25
104 25
105 25
106 25
107 24
108 25
109 25
110 25
111 25
112 25
113 25
114 25
115 25
116 25
117 25
118 25
119 25
120 25
121 25
122 25
123 25
124 25
125 25
126 25
127 25
128 25
129 25
130 25
131 25
132 25
133 26
134 25
135 25
136 25
137 26
138 27
139 27
140 27
141 26
142 25
143 26
144 26
145 26
146 26
147 27
148 27
149 26
150 27
151 28
152 27
153 28
154 28
155 28
156 27
157 27
158 28
159 27
160 28
161 27
162 28
163 28
164 28
165 28
166 29
