0 1.12
1 1.1
2 1.16
3 1.14
4 1.12
5 1.16
6 1.18
7 1.2
8 1.22
9 1.2
10 1.2
11 1.22
12 1.24
13 1.24
14 1.24
15 1.26
16 1.26
17 1.28
18 1.28
19 1.28
20 1.3
21 1.32
22 1.3
23 1.32
24 1.34
25 1.36
26 1.4
27 1.4
28 1.4
29 1.42
30 1.44
31 1.44
32 1.44
33 1.46
34 1.48
35 1.5
36 1.5
37 1.52
38 1.54
39 1.54
40 1.56
41 1.56
42 1.56
43 1.54
44 1.54
45 1.56
46 1.56
47 1.6
48 1.56
49 1.58
50 1.58
51 1.6
52 1.62
53 1.62
54 1.6
55 1.62
56 1.62
57 1.64
58 1.64
59 1.64
60 1.64
61 1.64
62 1.64
63 1.64
64 1.64
65 1.64
66 1.64
67 1.64
68 1.64
69 1.64
70 1.64
71 1.64
72 1.64
73 1.66
74 1.64
75 1.64
76 1.66
77 1.66
78 1.66
79 1.66
80 1.66
81 1.66
82 1.66
83 1.66
84 1.66
85 1.66
86 1.66
87 1.66
88 1.66
89 1.66
90 1.66
91 1.66
92 1.66
93 1.68
94 1.66
95 1.66
96 1.66
97 1.68
98 1.66
99 1.68
100 1.68
101 1.68
102 1.68
103 1.68
104 1.68
105 1.68
106 1.66
107 1.68
108 1.68
109 1.68
110 1.68
111 1.68
112 1.68
113 1.68
114 1.68
115 1.68
116 1.68
117 1.68
118 1.68
119 1.68
120 1.68
121 1.68
122 1.68
123 1.68
124 1.68
125 1.68
126 1.68
127 1.68
128 1.68
129 1.68
130 1.68
131 1.68
132 1.7
133 1.68
134 1.68
135 1.68
136 1.7
137 1.72
138 1.72
139 1.72
140 1.7
141 1.68
142 1.7
143 1.7
144 1.7
145 1.7
146 1.74
147 1.74
148 1.7
149 1.74
150 1.76
151 1.74
152 1.76
153 1.76
154 1.76
155 1.74
156 1.74
157 1.76
158 1.74
159 1.76
160 1.74
161 1.76
162 1.76
163 1.76
164 1.76
165 1.8
