0 0.0181818
1 -0.0178571
2 0.0545455
3 -0.0172414
4 -0.0175439
5 0.0357143
6 0.0172414
7 0.0169492
8 0.0166667
9 -0.0163934
10 0
11 0.0166667
12 0.0163934
13 0
14 0
15 0.016129
16 0
17 0.015873
18 0
19 0
20 0.015625
21 0.0153846
22 -0.0151515
23 0.0153846
24 0.0151515
25 0.0149254
26 0.0294118
27 0
28 0
29 0.0142857
30 0.0140845
31 0
32 0
33 0.0138889
34 0.0136986
35 0.0135135
36 0
37 0.0133333
38 0.0131579
39 0
40 0.012987
41 0
42 0
43 -0.0128205
44 0
45 0.012987
46 0
47 0.025641
48 -0.025
49 0.0128205
50 0
51 0.0126582
52 0.0125
53 0
54 -0.0123457
55 0.0125
56 0
57 0.0123457
58 0
59 0
60 0
61 0
62 0
63 0
64 0
65 0
66 0
67 0
68 0
69 0
70 0
71 0
72 0
73 0.0121951
74 -0.0120482
75 0
76 0.0121951
77 0
78 0
79 0
80 0
81 0
82 0
83 0
84 0
85 0
86 0
87 0
88 0
89 0
90 0
91 0
92 0
93 0.0120482
94 -0.0119048
95 0
96 0
97 0.0120482
98 -0.0119048
99 0.0120482
100 0
101 0
102 0
103 0
104 0
105 0
106 -0.0119048
107 0.0120482
108 0
109 0
110 0
111 0
112 0
113 0
114 0
115 0
116 0
117 0
118 0
119 0
120 0
121 0
122 0
123 0
124 0
125 0
126 0
127 0
128 0
129 0
130 0
131 0
132 0.0119048
133 -0.0117647
134 0
135 0
136 0.0119048
137 0.0117647
138 0
139 0
140 -0.0116279
141 -0.0117647
142 0.0119048
143 0
144 0
145 0
146 0.0235294
147 0
148 -0.0229885
149 0.0235294
150 0.0114943
151 -0.0113636
152 0.0114943
153 0
154 0
155 -0.0113636
156 0
157 0.0114943
158 -0.0113636
159 0.0114943
160 -0.0113636
161 0.0114943
162 0
163 0
164 0
165 0.0227273
