0 104
1 100
2 96
3 98
4 92
5 110
6 102
7 108
8 98
9 100
10 100
11 96
12 108
13 100
14 108
15 98
16 102
17 106
18 100
19 112
20 110
21 102
22 102
23 106
24 108
25 102
26 104
27 108
28 102
29 102
30 116
31 108
32 104
33 110
34 114
35 108
36 110
37 106
38 108
39 114
40 110
41 114
42 104
43 114
44 112
45 110
46 106
47 108
48 110
49 112
50 112
51 110
52 108
53 110
54 112
55 110
56 112
57 112
58 114
59 112
60 114
61 116
62 110
63 114
64 112
65 110
66 118
67 118
68 112
69 112
70 112
71 120
72 110
73 114
74 116
75 116
76 122
77 118
78 114
79 114
80 116
81 118
82 118
83 118
84 120
85 118
86 118
87 118
88 116
89 114
90 120
91 120
92 120
93 120
94 122
95 122
96 122
97 116
98 120
99 124
100 122
101 122
102 118
103 120
104 124
105 120
106 118
107 122
108 122
109 122
110 124
111 124
112 122
113 120
114 124
115 122
116 118
117 118
118 124
119 126
120 126
121 122
122 122
123 122
124 120
125 122
126 126
127 126
128 124
129 124
130 124
131 126
132 124
133 124
134 128
135 126
136 122
137 128
138 128
139 122
140 126
141 122
142 122
143 126
144 126
145 126
146 128
147 124
148 124
149 126
150 122
151 124
152 128
153 124
154 124
155 126
156 124
157 130
158 124
159 130
160 128
161 130
162 122
163 130
164 126
165 132
166 126
167 126
168 130
169 130
170 130
171 124
172 128
173 128
174 126
175 128
176 126
177 126
178 132
179 128
180 128
181 128
182 132
183 128
184 134
185 130
186 128
187 134
188 136
189 136
190 128
191 132
192 138
193 128
194 134
195 138
196 132
197 132
198 136
199 140
200 132
201 138
202 134
203 140
204 136
205 134
206 132
207 136
208 136
209 134
210 134
211 138
212 138
213 140
214 134
215 134
216 136
217 140
218 136
219 140
220 140
221 142
222 142
223 136
224 136
225 138
226 140
227 144
228 138
229 140
230 138
231 140
232 140
233 140
234 142
235 142
236 136
237 144
238 140
239 144
240 138
241 140
242 138
243 142
244 138
245 138
246 146
247 142
248 142
249 146
250 146
251 142
252 144
253 140
254 148
255 142
256 144
257 148
258 144
259 144
260 140
261 148
262 144
263 146
264 144
265 146
266 148
267 142
268 150
269 142
270 146
271 146
272 146
273 146
274 142
275 142
276 146
277 148
278 152
279 144
280 146
281 146
282 148
283 144
284 148
285 146
286 146
287 152
288 150
289 154
290 146
291 148
292 144
293 154
294 152
295 146
296 148
297 144
298 144
299 148
300 150
301 154
302 152
303 152
304 156
305 154
306 150
307 152
308 152
309 154
310 152
311 156
312 154
313 150
314 148
315 152
316 148
317 154
318 150
319 154
320 152
321 152
322 152
323 154
324 150
325 150
326 152
327 154
328 152
329 150
330 154
331 156
332 156
333 152
334 152
335 152
336 156
337 154
338 152
339 156
340 156
341 158
342 152
343 152
344 152
345 156
346 160
347 156
348 156
349 152
350 152
351 152
352 152
353 156
354 152
355 158
356 152
357 158
358 154
359 154
360 156
361 154
362 156
363 158
364 152
365 160
366 158
367 154
368 158
369 156
370 158
371 156
372 154
373 158
374 154
375 156
376 154
377 154
378 162
379 158
380 154
381 162
382 158
383 156
384 156
385 154
386 158
387 160
388 158
389 160
390 160
391 158
392 160
393 160
394 162
395 158
396 156
397 162
398 162
399 160
400 160
401 158
402 162
403 160
404 158
405 160
406 158
407 160
408 160
409 162
410 164
411 158
412 158
413 160
414 160
415 158
416 158
417 160
418 158
419 160
420 158
421 160
422 160
423 160
424 160
425 158
426 158
427 158
428 160
429 160
430 162
431 158
432 160
433 162
434 160
435 162
436 158
437 162
438 158
439 160
440 158
441 160
442 160
443 160
444 164
445 162
446 158
447 162
448 160
449 162
450 162
451 160
452 162
453 160
454 164
455 160
456 162
457 160
458 160
459 162
460 160
461 162
462 162
463 164
464 160
465 160
466 162
467 162
468 162
469 162
470 160
471 162
472 162
473 160
474 160
475 164
476 164
477 162
478 160
479 160
480 162
481 162
482 162
483 162
484 164
485 160
486 166
487 160
488 162
489 162
490 160
491 162
492 160
493 160
494 164
495 160
496 162
497 160
498 160
499 166
500 162
501 160
502 164
503 162
504 162
505 162
506 166
507 162
508 162
509 164
510 162
511 162
512 166
513 166
514 164
515 164
516 164
517 162
518 162
519 162
520 162
521 164
522 162
523 164
524 162
525 164
526 164
527 166
528 162
529 166
530 164
531 166
532 166
533 164
534 164
535 162
536 162
537 166
538 162
539 164
540 162
541 164
542 166
543 162
544 164
545 164
546 162
547 162
548 166
549 164
550 164
551 162
552 166
553 164
554 164
555 164
556 162
557 166
558 164
559 162
560 162
561 164
562 166
563 162
564 164
565 164
566 166
567 162
568 162
569 166
570 166
571 162
572 166
573 162
574 162
575 164
576 166
577 166
578 162
579 164
580 162
581 162
582 162
583 166
584 164
585 162
586 168
587 166
588 166
589 166
590 164
591 166
592 166
593 162
594 162
595 166
596 162
597 164
598 164
599 162
600 166
601 162
602 162
603 164
604 166
605 164
606 162
607 168
608 164
609 166
610 166
611 162
612 162
613 162
614 166
615 164
616 164
617 164
618 162
619 166
620 166
621 162
622 168
623 164
624 164
625 162
626 168
627 166
628 164
629 166
630 168
631 164
632 164
633 166
634 164
635 164
636 166
637 168
638 166
639 166
640 168
641 164
642 166
643 166
644 166
645 164
646 164
647 164
648 164
649 164
650 164
651 164
652 168
653 164
654 168
655 166
656 164
657 166
658 168
659 168
660 166
661 164
662 166
663 164
664 166
665 166
666 164
667 168
668 164
669 166
670 164
671 168
672 164
673 168
674 164
675 166
676 166
677 166
678 164
679 166
680 164
681 164
682 166
683 166
684 168
685 164
686 164
687 164
688 168
689 168
690 164
691 166
692 164
693 164
694 164
695 166
696 168
697 164
698 166
699 168
700 164
701 164
702 166
703 168
704 164
705 168
706 164
707 166
708 164
709 164
710 164
711 166
712 166
713 166
714 166
715 164
716 166
717 164
718 164
719 164
720 164
721 164
722 164
723 164
724 168
725 168
726 164
727 164
728 166
729 166
730 164
731 164
732 166
733 166
734 166
735 166
736 164
737 164
738 164
739 166
740 164
741 164
742 164
743 166
744 164
745 168
746 164
747 164
748 164
749 166
750 166
751 164
752 168
753 168
754 164
755 164
756 168
757 168
758 166
759 168
760 166
761 166
762 164
763 168
764 168
765 166
766 166
767 164
768 164
769 166
770 164
771 166
772 168
773 164
774 164
775 164
776 166
777 168
778 166
779 168
780 168
781 166
782 164
783 166
784 164
785 168
786 164
787 168
788 166
789 168
790 164
791 166
792 168
793 168
794 168
795 164
796 164
797 166
798 164
799 168
800 168
801 164
802 168
803 166
804 166
805 168
806 164
807 164
808 168
809 164
810 168
811 166
812 166
813 170
814 164
815 168
816 168
817 168
818 164
819 168
820 168
821 164
822 168
823 166
824 164
825 166
826 164
827 168
828 164
829 164
830 168
831 168
832 168
833 168
834 168
835 164
836 166
837 168
838 168
839 164
840 164
841 164
842 166
843 164
844 164
845 168
846 170
847 164
848 166
849 172
850 170
851 164
852 170
853 164
854 168
855 164
856 172
857 166
858 172
859 166
860 168
861 164
862 164
863 170
864 170
865 168
866 172
867 168
868 170
869 166
870 170
871 168
872 168
873 166
874 168
875 166
876 166
877 166
878 168
879 170
880 170
881 168
882 170
883 170
884 168
885 170
886 168
887 168
888 168
889 168
890 168
891 168
892 168
893 168
894 170
895 168
896 170
897 170
898 170
899 170
900 168
901 168
902 168
903 168
904 172
905 174
906 174
907 170
908 168
909 170
910 170
911 168
912 168
913 172
914 170
915 174
916 168
917 172
918 168
919 168
920 168
921 172
922 172
923 176
924 172
925 170
926 172
927 174
928 170
929 174
930 170
931 170
932 172
933 172
934 170
935 170
936 172
937 174
938 176
939 172
940 170
941 172
942 176
943 170
944 170
945 170
946 172
947 172
948 172
949 170
950 172
951 172
952 172
953 174
954 172
955 174
956 174
957 172
958 172
959 172
960 172
961 172
962 176
963 172
964 174
965 172
966 174
967 172
968 174
969 172
970 174
971 172
972 176
973 172
974 174
975 172
976 174
977 172
978 172
979 172
980 174
981 176
982 172
983 172
984 172
985 176
986 172
987 172
988 172
989 174
990 172
991 174
992 172
993 174
994 172
995 172
996 172
997 174
998 180
999 172
