0 1.2
1 0.833333
2 1.6
3 0.875
4 0.857143
5 1.33333
6 1.125
7 1.11111
8 1.1
9 0.909091
10 1
11 1.1
12 1.09091
13 1
14 1
15 1.08333
16 1
17 1.07692
18 1
19 1
20 1.07143
21 1.06667
22 0.9375
23 1.06667
24 1.0625
25 1.05882
26 1.11111
27 1
28 1
29 1.05
30 1.04762
31 1
32 1
33 1.04545
34 1.04348
35 1.04167
36 1
37 1.04
38 1.03846
39 1
40 1.03704
41 1
42 1
43 0.964286
44 1
45 1.03704
46 1
47 1.07143
48 0.933333
49 1.03571
50 1
51 1.03448
52 1.03333
53 1
54 0.967742
55 1.03333
56 1
57 1.03226
58 1
59 1
60 1
61 1
62 1
63 1
64 1
65 1
66 1
67 1
68 1
69 1
70 1
71 1
72 1
73 1.03125
74 0.969697
75 1
76 1.03125
77 1
78 1
79 1
80 1
81 1
82 1
83 1
84 1
85 1
86 1
87 1
88 1
89 1
90 1
91 1
92 1
93 1.0303
94 0.970588
95 1
96 1
97 1.0303
98 0.970588
99 1.0303
100 1
101 1
102 1
103 1
104 1
105 1
106 0.970588
107 1.0303
108 1
109 1
110 1
111 1
112 1
113 1
114 1
115 1
116 1
117 1
118 1
119 1
120 1
121 1
122 1
123 1
124 1
125 1
126 1
127 1
128 1
129 1
130 1
131 1
132 1.02941
133 0.971429
134 1
135 1
136 1.02941
137 1.02857
138 1
139 1
140 0.972222
141 0.971429
142 1.02941
143 1
144 1
145 1
146 1.05714
147 1
148 0.945946
149 1.05714
150 1.02703
151 0.973684
152 1.02703
153 1
154 1
155 0.973684
156 1
157 1.02703
158 0.973684
159 1.02703
160 0.973684
161 1.02703
162 1
163 1
164 1
165 1.05263
