0 4.05578e-320
1 110
2 112
3 112
4 116
5 116
6 116
7 116
8 118
9 120
10 122
11 122
12 122
13 122
14 124
15 124
16 124
17 126
18 126
19 128
20 128
21 128
22 130
23 132
24 132
25 132
26 134
27 136
28 140
29 140
30 140
31 142
32 144
33 144
34 144
35 146
36 148
37 150
38 150
39 152
40 154
41 154
42 156
43 156
44 156
45 156
46 156
47 156
48 156
49 160
50 160
51 160
52 160
53 160
54 162
55 162
56 162
57 162
58 162
59 164
60 164
61 164
62 164
63 164
64 164
65 164
66 164
67 164
68 164
69 164
70 164
71 164
72 164
73 164
74 164
75 166
76 166
77 166
78 166
79 166
80 166
81 166
82 166
83 166
84 166
85 166
86 166
87 166
88 166
89 166
90 166
91 166
92 166
93 166
94 166
95 168
96 168
97 168
98 168
99 168
100 168
101 168
102 168
103 168
104 168
105 168
106 168
107 168
108 168
109 168
110 168
111 168
112 168
113 168
114 168
115 168
116 168
117 168
118 168
119 168
120 168
121 168
122 168
123 168
124 168
125 168
126 168
127 168
128 168
129 168
130 168
131 168
132 168
133 168
134 170
135 170
136 170
137 170
138 170
139 172
140 172
141 172
142 172
143 172
144 172
145 172
146 172
147 172
148 174
149 174
150 174
151 174
152 176
153 176
154 176
155 176
156 176
157 176
158 176
159 176
160 176
161 176
162 176
163 176
164 176
165 176
166 176
167 180
