0 2
1 0
2 6
3 0
4 0
5 4
6 2
7 2
8 2
9 0
10 0
11 2
12 2
13 0
14 0
15 2
16 0
17 2
18 0
19 0
20 2
21 2
22 0
23 2
24 2
25 2
26 4
27 0
28 0
29 2
30 2
31 0
32 0
33 2
34 2
35 2
36 0
37 2
38 2
39 0
40 2
41 0
42 0
43 0
44 0
45 2
46 0
47 4
48 0
49 2
50 0
51 2
52 2
53 0
54 0
55 2
56 0
57 2
58 0
59 0
60 0
61 0
62 0
63 0
64 0
65 0
66 0
67 0
68 0
69 0
70 0
71 0
72 0
73 2
74 0
75 0
76 2
77 0
78 0
79 0
80 0
81 0
82 0
83 0
84 0
85 0
86 0
87 0
88 0
89 0
90 0
91 0
92 0
93 2
94 0
95 0
96 0
97 2
98 0
99 2
100 0
101 0
102 0
103 0
104 0
105 0
106 0
107 2
108 0
109 0
110 0
111 0
112 0
113 0
114 0
115 0
116 0
117 0
118 0
119 0
120 0
121 0
122 0
123 0
124 0
125 0
126 0
127 0
128 0
129 0
130 0
131 0
132 2
133 0
134 0
135 0
136 2
137 2
138 0
139 0
140 0
141 0
142 2
143 0
144 0
145 0
146 4
147 0
148 0
149 4
150 2
151 0
152 2
153 0
154 0
155 0
156 0
157 2
158 0
159 2
160 0
161 2
162 0
163 0
164 0
165 4
