0 0
1 -2
2 -0.732051
3 -0.587401
4 -0.414214
5 -0.319508
6 -0.259921
7 -0.239698
8 -0.222845
9 -0.208544
10 -0.185868
11 -0.167631
12 -0.152649
13 -0.147778
14 -0.136533
15 -0.126878
16 -0.124106
17 -0.116396
18 -0.114166
19 -0.107845
20 -0.102186
21 -0.100702
22 -0.0991312
23 -0.0946235
24 -0.0905077
25 -0.0893734
26 -0.0881822
27 -0.089023
28 -0.0857111
29 -0.0826367
30 -0.0815327
31 -0.0804217
32 -0.0778133
33 -0.0753686
34 -0.0744767
35 -0.0735784
36 -0.0726789
37 -0.0706468
38 -0.0698288
39 -0.0690128
40 -0.0672308
41 -0.066484
42 -0.0648508
43 -0.0632959
44 -0.0618138
45 -0.0603995
46 -0.0590484
47 -0.0577565
48 -0.0580395
49 -0.056822
50 -0.0556546
51 -0.0545341
52 -0.0534578
53 -0.0530745
54 -0.0520665
55 -0.051096
56 -0.0501611
57 -0.0492597
58 -0.0489643
59 -0.0481147
60 -0.0472941
61 -0.0465011
62 -0.0457341
63 -0.0449921
64 -0.0442738
65 -0.043578
66 -0.0429038
67 -0.0422501
68 -0.041616
69 -0.0410007
70 -0.0404033
71 -0.039823
72 -0.0392592
73 -0.0387112
74 -0.03861
75 -0.0380855
76 -0.0375751
77 -0.0370781
78 -0.0365942
79 -0.0361227
80 -0.0356632
81 -0.0352153
82 -0.0347784
83 -0.0343523
84 -0.0339365
85 -0.0335306
86 -0.0331343
87 -0.0327473
88 -0.0323692
89 -0.0319998
90 -0.0316386
91 -0.0312856
92 -0.0309403
93 -0.0306026
94 -0.0305994
95 -0.0302725
96 -0.0299525
97 -0.0296391
98 -0.0293323
99 -0.0290318
100 -0.0287373
101 -0.0284488
102 -0.028166
103 -0.0278887
104 -0.0276169
105 -0.0273503
106 -0.0270888
107 -0.0268323
108 -0.0265806
109 -0.0263335
110 -0.026091
111 -0.025853
112 -0.0256192
113 -0.0253896
114 -0.0251642
115 -0.0249426
116 -0.024725
117 -0.0245111
118 -0.0243009
119 -0.0240942
120 -0.023891
121 -0.0236913
122 -0.0234948
123 -0.0233016
124 -0.0231115
125 -0.0229245
126 -0.0227405
127 -0.0225595
128 -0.0223813
129 -0.0222059
130 -0.0220332
131 -0.0218632
132 -0.0216957
133 -0.0217535
134 -0.0215895
135 -0.0214278
136 -0.0212686
137 -0.0211117
138 -0.0211656
139 -0.0210117
140 -0.0208601
141 -0.0207106
142 -0.0205633
143 -0.020418
144 -0.0202748
145 -0.0201336
146 -0.0199943
147 -0.0200471
148 -0.0199103
149 -0.0197753
150 -0.0196422
151 -0.019691
152 -0.0195602
153 -0.0194311
154 -0.0193037
155 -0.019178
156 -0.0190539
157 -0.0189314
158 -0.0188104
159 -0.018691
160 -0.0185731
161 -0.0184567
162 -0.0183417
163 -0.0182282
164 -0.018116
165 -0.0180053
166 -0.0182104
