0 0.44
1 0.43
2 0.43
3 0.45
4 0.45
5 0.43
6 0.46
7 0.44
8 0.44
9 0.44
10 0.44
11 0.44
12 0.46
13 0.47
14 0.46
15 0.46
16 0.48
17 0.49
18 0.48
19 0.46
20 0.45
21 0.49
22 0.48
23 0.48
24 0.5
25 0.48
26 0.48
27 0.52
28 0.5
29 0.5
30 0.51
31 0.51
32 0.55
33 0.55
34 0.52
35 0.53
36 0.53
37 0.51
38 0.53
39 0.52
40 0.51
41 0.51
42 0.51
43 0.5
44 0.5
45 0.51
46 0.52
47 0.52
48 0.5
49 0.52
50 0.51
51 0.51
52 0.52
53 0.52
54 0.53
55 0.53
56 0.54
57 0.54
58 0.54
59 0.54
60 0.55
61 0.55
62 0.55
63 0.52
64 0.55
65 0.55
66 0.55
67 0.53
68 0.52
69 0.52
70 0.53
71 0.53
72 0.53
73 0.55
74 0.54
75 0.52
76 0.52
77 0.54
78 0.57
79 0.57
80 0.53
81 0.57
82 0.55
83 0.53
84 0.54
85 0.56
86 0.56
87 0.55
88 0.54
89 0.52
90 0.55
91 0.54
92 0.53
93 0.53
94 0.51
95 0.51
96 0.55
97 0.53
98 0.51
99 0.51
100 0.53
101 0.53
102 0.51
103 0.51
104 0.51
105 0.52
106 0.52
107 0.51
108 0.52
109 0.52
110 0.52
111 0.53
112 0.51
113 0.51
114 0.51
115 0.51
116 0.53
117 0.51
118 0.5
119 0.51
120 0.51
121 0.51
122 0.51
123 0.51
124 0.51
125 0.51
126 0.53
127 0.51
128 0.54
129 0.49
130 0.52
131 0.55
132 0.53
133 0.52
134 0.52
135 0.51
136 0.5
137 0.55
138 0.56
139 0.53
140 0.54
141 0.54
142 0.55
143 0.55
144 0.54
145 0.54
146 0.52
147 0.54
148 0.55
149 0.52
150 0.54
151 0.54
152 0.56
153 0.54
154 0.54
155 0.57
156 0.53
157 0.55
158 0.55
159 0.55
160 0.53
161 0.55
162 0.55
163 0.55
164 0.55
165 0.55
