0 10 16 14 10 12 14 12 14 14 18 20 20 18 22 24 20 24 28 26 28 30 26 28 28 36 38 38 36 36 36 40 40 38 42 48 46 46 46 54 50 54 54 50 52 50 56 56 56 58 56 60 58 54 58 60 62 62 58 60 60 62 60 58 60 62 62 62 62 62 62 62 62 66 60 60 60 62 62 64 62 62 62 64 66 64 64 66 62 62 64 66 66 66 66 66 64 62 64 62 64 66 64 64 64 68 66 68 64 66 68 68 64 66 64 66 64 64 64 66 64 66 66 68 68 68 66 66 64 66 64 68 66 68 68 68 66 66 72 70 70 68 70 70 68 70 68 74 70 72 68 70 70 70 72 72 74 72 74 72 72 72 72 74 74 80 
-4 2 8 10 12 12 12 12 16 16 18 22 24 22 20 26 22 24 28 26 24 28 30 26 28 36 28 34 34 40 38 40 44 46 44 44 46 48 46 52 54 50 52 54 54 54 54 58 52 52 58 58 54 62 60 62 62 60 58 58 58 58 62 60 60 60 60 60 64 62 60 60 62 60 60 64 66 62 64 64 62 64 66 62 62 64 64 64 66 62 64 62 66 64 66 66 62 68 64 68 66 68 64 64 68 68 66 64 66 64 64 64 66 68 66 66 66 64 64 66 66 64 64 68 66 68 64 68 66 68 64 64 66 64 64 64 64 72 66 70 68 68 70 68 68 70 72 70 68 70 72 74 72 72 72 70 72 72 72 74 74 74 72 72 72 72 
8 2 4 14 12 14 10 20 16 18 18 22 22 22 24 26 26 24 22 28 24 30 30 26 32 28 34 40 34 36 40 42 38 42 40 46 46 52 52 46 52 52 56 52 50 56 52 52 52 58 52 54 56 58 60 58 60 58 60 60 58 60 58 58 64 62 64 60 60 60 60 60 62 62 62 60 62 62 62 62 64 64 64 62 64 62 62 64 64 64 66 66 62 62 66 62 66 64 64 64 68 66 64 64 66 66 64 66 66 64 64 66 68 64 64 66 64 64 66 66 64 68 68 64 68 66 66 66 64 64 66 64 70 68 64 66 64 70 72 68 68 68 68 68 68 70 74 68 68 74 72 70 74 76 76 72 74 76 74 72 72 76 72 74 74 74 
0 6 10 4 10 12 18 10 22 18 16 22 22 22 22 22 26 26 26 24 26 22 30 32 28 32 38 36 38 40 44 42 40 42 48 44 46 44 50 48 52 52 54 52 50 56 56 52 52 54 54 58 54 56 58 56 60 60 60 58 58 62 62 60 62 62 60 62 60 62 64 62 64 62 62 62 60 66 62 62 62 66 66 66 62 62 62 64 64 66 62 62 64 68 64 62 62 66 62 64 64 66 66 64 64 64 64 64 66 66 64 64 64 68 64 66 64 64 66 66 64 64 64 64 66 66 68 68 68 66 64 68 64 66 68 68 68 64 66 72 66 66 70 68 70 68 68 70 70 68 76 70 76 70 70 72 74 72 72 76 72 72 74 72 72 72 
8 8 14 14 8 14 18 18 18 18 14 16 18 24 18 22 22 24 22 24 24 30 24 28 34 34 32 34 38 40 38 36 38 46 42 46 42 46 54 44 56 56 50 50 52 52 52 52 52 54 54 56 54 56 60 60 58 58 58 60 60 60 60 60 58 60 60 60 62 62 64 64 60 60 60 60 64 62 66 66 64 64 66 66 64 66 66 66 66 62 62 62 62 62 62 66 62 66 66 62 64 68 68 68 66 66 66 68 64 66 68 64 64 64 64 64 64 64 64 64 64 64 64 68 66 64 64 68 64 68 68 64 68 64 68 68 70 70 68 68 68 68 70 68 68 68 68 68 68 72 72 72 72 70 70 72 72 72 74 72 72 72 72 72 72 72 
-2 2 8 12 10 16 12 12 14 20 20 20 20 24 18 22 22 24 22 26 30 26 28 28 30 30 32 32 40 42 40 44 42 46 44 48 42 46 46 44 44 44 48 48 54 52 52 56 56 56 56 58 62 54 54 54 54 60 58 60 60 60 60 60 60 60 60 62 62 62 62 62 62 62 62 62 62 62 66 66 66 66 64 64 66 66 66 66 66 66 66 64 62 62 62 62 64 62 66 68 66 64 64 64 64 64 64 64 64 64 64 64 64 64 64 64 64 68 64 64 64 64 64 64 64 64 64 66 68 68 68 68 68 66 68 64 64 64 64 70 66 66 68 68 70 68 68 68 68 68 70 72 72 70 70 70 72 72 72 74 74 72 72 72 72 72 
2 4 10 10 12 10 10 10 10 10 20 20 24 24 24 24 24 28 26 22 24 32 28 28 28 28 36 36 34 42 38 38 38 38 48 42 42 48 48 48 48 48 52 52 52 52 52 60 52 54 54 56 58 58 58 58 58 60 60 60 60 60 60 60 60 60 60 60 60 60 60 60 60 60 60 60 60 60 64 64 64 64 64 64 62 62 62 62 62 62 62 62 62 62 62 64 66 62 62 66 64 66 66 66 66 66 66 68 68 68 68 66 66 66 66 66 66 68 68 68 68 66 66 66 66 66 64 64 64 68 64 64 68 64 68 64 64 68 64 66 66 66 66 66 66 66 66 66 66 68 72 70 70 70 70 70 72 72 72 72 72 76 76 76 76 76 
6 8 6 6 10 10 10 10 10 10 20 20 20 20 20 20 20 26 26 24 24 26 26 26 34 34 40 40 34 36 40 40 40 40 44 50 50 44 44 44 44 44 48 48 48 48 48 56 56 56 56 54 54 60 60 60 60 62 62 62 62 62 62 62 62 62 62 62 62 62 62 62 62 62 62 62 62 62 62 62 62 62 62 62 62 62 62 62 62 62 62 62 62 62 62 62 64 62 62 62 64 66 66 66 66 66 66 66 66 66 66 68 68 68 68 68 68 68 68 68 68 68 68 68 68 68 68 68 68 68 68 68 64 64 64 64 64 64 64 64 66 66 66 66 66 66 66 66 66 66 74 74 74 74 74 74 74 74 74 74 74 74 74 74 74 74 
0 2 8 8 8 8 8 8 8 8 8 8 8 8 8 8 8 22 22 22 22 22 22 22 22 22 32 32 32 32 32 32 32 32 44 42 42 48 48 48 48 48 54 54 54 54 54 54 54 54 54 54 54 54 54 54 54 64 64 64 64 64 64 64 64 64 64 64 64 64 64 64 64 64 64 64 64 64 64 64 64 64 64 64 64 64 64 64 64 64 64 64 64 64 64 64 64 66 66 66 66 66 66 66 66 66 66 66 66 66 66 66 66 66 66 66 66 66 66 66 66 66 66 66 66 66 66 66 66 66 66 66 68 68 68 68 68 68 68 68 68 68 68 68 68 68 68 68 68 68 68 68 68 68 68 68 68 68 68 68 68 68 68 68 68 68 
12 2 2 2 2 2 2 2 2 2 2 2 2 2 2 2 2 2 2 2 2 2 2 2 2 2 2 2 2 2 2 2 2 2 40 40 40 40 40 40 40 40 40 40 40 40 40 40 40 40 40 40 40 40 40 40 40 40 40 40 40 40 40 40 40 40 40 40 40 40 40 40 40 40 40 40 40 40 40 40 40 40 40 40 40 40 40 40 40 40 40 40 40 40 40 40 40 40 40 40 40 40 40 40 40 40 40 40 40 40 40 40 40 40 40 40 40 40 40 40 40 40 40 40 40 40 40 40 40 40 66 66 66 66 66 66 66 66 66 66 66 66 66 66 66 66 66 66 66 66 66 66 66 66 66 66 66 66 66 66 66 66 66 66 66 66 
