0 -0.12
1 -0.1
2 -0.16
3 -0.14
4 -0.12
5 -0.16
6 -0.18
7 -0.2
8 -0.22
9 -0.2
10 -0.2
11 -0.22
12 -0.24
13 -0.24
14 -0.24
15 -0.26
16 -0.26
17 -0.28
18 -0.28
19 -0.28
20 -0.3
21 -0.32
22 -0.3
23 -0.32
24 -0.34
25 -0.36
26 -0.4
27 -0.4
28 -0.4
29 -0.42
30 -0.44
31 -0.44
32 -0.44
33 -0.46
34 -0.48
35 -0.5
36 -0.5
37 -0.52
38 -0.54
39 -0.54
40 -0.56
41 -0.56
42 -0.56
43 -0.54
44 -0.54
45 -0.56
46 -0.56
47 -0.6
48 -0.56
49 -0.58
50 -0.58
51 -0.6
52 -0.62
53 -0.62
54 -0.6
55 -0.62
56 -0.62
57 -0.64
58 -0.64
59 -0.64
60 -0.64
61 -0.64
62 -0.64
63 -0.64
64 -0.64
65 -0.64
66 -0.64
67 -0.64
68 -0.64
69 -0.64
70 -0.64
71 -0.64
72 -0.64
73 -0.66
74 -0.64
75 -0.64
76 -0.66
77 -0.66
78 -0.66
79 -0.66
80 -0.66
81 -0.66
82 -0.66
83 -0.66
84 -0.66
85 -0.66
86 -0.66
87 -0.66
88 -0.66
89 -0.66
90 -0.66
91 -0.66
92 -0.66
93 -0.68
94 -0.66
95 -0.66
96 -0.66
97 -0.68
98 -0.66
99 -0.68
100 -0.68
101 -0.68
102 -0.68
103 -0.68
104 -0.68
105 -0.68
106 -0.66
107 -0.68
108 -0.68
109 -0.68
110 -0.68
111 -0.68
112 -0.68
113 -0.68
114 -0.68
115 -0.68
116 -0.68
117 -0.68
118 -0.68
119 -0.68
120 -0.68
121 -0.68
122 -0.68
123 -0.68
124 -0.68
125 -0.68
126 -0.68
127 -0.68
128 -0.68
129 -0.68
130 -0.68
131 -0.68
132 -0.7
133 -0.68
134 -0.68
135 -0.68
136 -0.7
137 -0.72
138 -0.72
139 -0.72
140 -0.7
141 -0.68
142 -0.7
143 -0.7
144 -0.7
145 -0.7
146 -0.74
147 -0.74
148 -0.7
149 -0.74
150 -0.76
151 -0.74
152 -0.76
153 -0.76
154 -0.76
155 -0.74
156 -0.74
157 -0.76
158 -0.74
159 -0.76
160 -0.74
161 -0.76
162 -0.76
163 -0.76
164 -0.76
165 -0.8
