0 0.517778
1 0.526667
2 0.531111
3 0.533333
4 0.538889
5 0.538889
6 0.541111
7 0.542222
8 0.545556
9 0.545556
10 0.543333
11 0.547778
12 0.545556
13 0.548889
14 0.548889
15 0.554444
16 0.552222
17 0.561111
18 0.56
19 0.56
20 0.558889
21 0.563333
22 0.564444
23 0.568889
24 0.57
25 0.568889
26 0.571111
27 0.57
28 0.574444
29 0.574444
30 0.575556
31 0.574444
32 0.576667
33 0.577778
34 0.577778
35 0.578889
36 0.58
37 0.578889
38 0.58
39 0.581111
40 0.582222
41 0.582222
42 0.583333
43 0.583333
44 0.583333
45 0.584444
46 0.584444
47 0.585556
48 0.586667
49 0.587778
50 0.587778
51 0.588889
52 0.588889
53 0.591111
54 0.591111
55 0.592222
56 0.592222
57 0.594444
58 0.594444
59 0.594444
