-0.3 2.33333 0.571429 3.5 -0.785714 -0.727273 0.625 0.6 -0.333333 -1 3 0.333333 1 -6 -0.166667 6 0.333333 0.5 2 3.5 -0.285714 -2 0.25 0 0 0.6 -2 -0.5 0.333333 3 -0.666667 -0.5 0 0 0 0 0 3 0.333333 0 0 -1 1 2 -0.5 -1 2 -1.5 -0 0 1 0 0 0 -0.666667 -0.5 5 -0.8 -0.75 
-0.142857 -12 -0.25 5 -1.73333 -0.307692 -1.25 0.4 0 0 0.5 2 0 0 -7.5 -1.33333 0.3 -1 -0.166667 0 0 1.5 -0.333333 -0.5 2 1 0.5 -1 -0 0 -0.5 -0.666667 -0.5 -4 0.75 -0.666667 -0 0 0 0 0.5 0 0 -0 0 -0.5 -1 -1 -2 0 0 -0.333333 -0 0 0.5 -1 -2 0 0 
-0.214286 -1.22222 -0.181818 -4.5 0.555556 -0.4 -6 0.333333 -1 -0 0 4 0 0 -2 1 2 -0.5 -0 0 -3 1.66667 0.8 0 0 0 0 0 0 1 0.5 -1 1 -3 0.333333 0 0 1 1 2 0 0 -1 -1 0 0 0 -0.333333 1 -3 0.333333 -2 -0.5 0 0 -0.333333 -2 -0.5 -0 
-0.533333 1 -0.8125 -1.76923 -0.478261 -1.18182 0 0 -0.5 0 0 -0.571429 0.25 -2 2.5 -0.8 -0.5 0.5 10 -0.1 -1 0 0 -0.875 -0.571429 0.75 -1.33333 -1.75 -0.571429 -0.25 2 0.5 1 4 -0.75 -0.666667 0.5 0 0 0 -1 -1 0.5 2 -0.5 -0 0 0 0 2 0 0 2 -1 2 -0.75 -1.33333 -0.25 -0 
-1.72727 0.684211 -0.0769231 -10 0.6 -0.166667 -0 0 11 -0.363636 1 -1 1.25 -0.8 -1.25 0.4 -1 -2.5 -0.2 -3 -0.333333 -3 1.66667 -0.2 -2 0.5 3 0 0 1 0 0 -2 0 0 -0.333333 -3 0.666667 -1 -1.5 0.333333 0 0 0 0 -0.5 1 3 -1 -0.333333 0 0 -0.5 -0 0 -0.4 -0.5 -1 -0 
1.5 0.333333 0.4 5 -0.1 4 -3 -0.0833333 -5 0.4 0.5 1 -2 -1.5 1.66667 0.2 -3 -3.66667 -0.727273 -0.375 2.33333 0.285714 0.5 -4 -0.5 1.5 -0.333333 -5 -0.6 -1 0 0 1 -2 -1.5 1 -0.666667 -1 0 0 -0.25 -0 0 -1 -1 -0.5 -0 0 0 2 0.5 -2 -2 -0.25 -2 0 0 -1 0 
-0.6 1.14286 0.0416667 8 0.875 -0.285714 -1.5 0 0 0.4 0 0 0 0.5 -2 -1 0.5 1.5 1 -0.666667 -1.5 0.333333 4 1 0.25 -5 -1 0 0 -2 0 0 3 0 0 0 1 0.5 1 -1 -0 0 -0.5 -1 1 -1 1 -2 0.5 1 -1 -3 0.333333 0 0 -4 -0.5 -1 0 
-0.25 -0.25 7.33333 0.409091 -0.444444 0.5 -0.5 4 0.5 1 -0.5 2 -1.5 0.333333 3 0.333333 2 -1 -2 1 1.5 -0.666667 -0 0 0.75 0.333333 2 0.5 -1 1 -1 4 -0.5 -2 -0.5 -1 1 -1 -1 0 0 0 -0.5 -3 -0.666667 -0.5 2 0.5 -1 -0 0 0 0 0.5 -1 -2 0.5 -1 -0 
-1.16667 0.0714286 0 0 0.75 0.111111 4 -0.5 -3 0.333333 0.5 1 0 0 -5 0.2 1 1 1 2 1.5 0.666667 2 0 0 0 3 0 0 2 0.5 -2 -0 0 0 0 0 0 3 0 0 0 0 -2 -0.5 2 0 0 0 2 -1.5 -0.333333 2 0.5 -1 -2 0 0 0 
-1.65 0.242424 0.625 2.8 -0.5 -1.28571 0.222222 2 -0.5 -1 1 0 0 -3 1.33333 -0.5 -1 1.5 1 -0.666667 -1 3 -1 -1.33333 0.125 -2 -1 1.5 1.33333 -0.5 -0 0 3 -0.333333 -3 0 0 0 -4 -0.5 -1 -0.5 -3 -0.666667 -1 0.5 -2 -0.5 2 -0.5 -4 0 0 -1.5 -0.666667 -1 -2 0.25 0 
-1.2 2 1 -0.666667 -2.25 -0.111111 1 1.5 -3.66667 0.0909091 -1 -0 0 0 0 5 0.2 0 0 0 0 0.8 -0.25 1 -3 -0.666667 -2 -0.25 -0 0 2 -0.25 -1 -1 -4 0.5 -1.5 -0.333333 0 0 1 -0.5 -1 2 0 0 -2 0.5 0 0 -1.5 0 0 0 0 0 -0.666667 -1.5 0 
-0.473684 -0.444444 2.25 -0.777778 -3 0.238095 -1.6 -0.125 5 0.8 0.25 0 0 -2 -5 -1.1 1.27273 -0.785714 -0.0909091 2 3.5 0.571429 -0.75 -0.666667 -0.5 -2 1 3.5 0 0 -0.4 2.5 -0.8 -0.5 1 0 0 -0.5 1 -3 0 0 1 -1 -3 -0.666667 -0 0 -0.666667 -2 -0.25 1 -3 -0.333333 -0 0 -0.25 2 -0 
0.133333 -0.333333 -4 1.25 0 0 9 0.333333 -3.33333 -0.6 -0.166667 -3 -0.333333 -1 -1 -7 0 0 -0.666667 -1 2 1 -0.25 -8 -0.125 -0 0 -0.75 0 0 -0.285714 1 -1.5 0.333333 1 3 -1.33333 -0.25 0 0 -0.2 -1 1 -1 -1 -1 -0 0 0.5 -2 -1 1.5 -0.333333 -0 0 -0.5 -2 1 0 
-1.09091 0.666667 -2.375 -1.21053 -0.173913 -3.75 0 0 -0.333333 2 0 0 0.6 0 0 -0.333333 6 -0.333333 -1 2.5 -0.6 -2.33333 0 0 -0.5 0 0 0.4 0 0 -1 -3 -0.166667 -1 1 -3 -1.33333 0 0 0 0 -2 -0.5 -0.5 2 -1 -0 0 -1 -1.5 0.333333 0 0 -1 1 0 0 3 0 
1 -0.923077 1.16667 -0.214286 -1.66667 0 0 0 1 -0.666667 -1.5 -0.333333 -2 -0.5 -11 -0.727273 -0.5 0.25 1 5 0.8 -1.25 -0 0 0 0 0 0.111111 0 0 5 -0.4 -2.5 -0.6 -0 0 0 0 0 0 0 0.5 0 0 0 -0 0 0 0.25 -3 -0.333333 2 0.5 0 0 0 0 3 0 
-0.928571 0.333333 -0.538462 -0.285714 5.5 0.272727 0 0 1 0 0 0 0 0 0 0.75 -0.666667 -0 0 -0.25 -5 0 0 0 0 0 0 0.111111 0 0 -4 0 0 0 0 0 0 0 0 0 0 0.333333 0 0 0 0 0 0 0 0 -3 0.333333 1 0 0 -0 0 0 0 
-0.972222 0.828571 0.0689655 1 1.5 -0.333333 -0 0 -1 -0 0 0 0.5 1 0 0 -1.33333 0.75 0.666667 -2.5 -2.4 0 0 0 0 0 0 0 0 0 0 0 0 0 0 0 0 0 0 0 0 0 0 0 0 0 0 0 0 0 -1 1 4 -0.5 -1 -0.5 -1 0 0 
-0.636364 0 0 0 0 -1 0 0 0 0 0 0 0.5 0 0 -0.555556 -0 0 0 -0.4 -1 0 0 0 0 0 0 0 0 0 0 0 0 0 0 0 0 0 0 0 0 0 0 0 0 0 0 0 0 0 0 -0.333333 -0 0 -0.4 -0 0 0 0 
-2.625 0 0 -1.2 -0.25 -0 0 0 0 0 0 0 0 0 0 0 0 0 0 0 0 0 0 0 0 0 0 0 0 0 0 0 0 0 0 0 0 0 0 0 0 0 0 0 0 0 0 0 0 0 0 -0.1 -0 0 0 0 0 0 0 
-0 0 0 0 0 0 0 0 0 0 0 0 0 0 0 0 0 0 0 0 0 0 0 0 0 0 0 0 0 0 0 0 0 0 0 0 0 0 0 0 0 0 0 0 0 0 0 0 0 0 0 0 0 0 0 0 0 0 0 
