0 -0.0271399
1 0.0171674
2 0.00843882
3 0.0041841
4 0.0104167
5 0
6 0.00412371
7 0.00205339
8 0.00614754
9 0
10 -0.00407332
11 0.00817996
12 -0.0040568
13 0.00610998
14 0
15 0.0101215
16 -0.00400802
17 0.0160966
18 -0.0019802
19 0
20 -0.00198413
21 0.00795229
22 0.00197239
23 0.00787402
24 0.00195312
25 -0.00194932
26 0.00390625
27 -0.00194553
28 0.00779727
29 0
30 0.00193424
31 -0.0019305
32 0.00386847
33 0.00192678
34 0
35 0.00192308
36 0.00191939
37 -0.00191571
38 0.00191939
39 0.00191571
40 0.00191205
41 0
42 0.0019084
43 0
44 0
45 0.00190476
46 0
47 0.00190114
48 0.00189753
49 0.00189394
50 0
51 0.00189036
52 0
53 0.00377358
54 0
55 0.0018797
56 0
57 0.00375235
58 0
59 0
