0 462
1 452
2 419
3 473
4 444
5 432
6 453
7 415
8 446
9 438
10 448
11 444
12 411
13 462
14 479
15 460
16 450
17 454
18 448
19 446
20 452
21 459
22 461
23 443
24 433
25 442
26 418
27 463
28 410
29 418
30 443
31 463
32 456
33 451
34 466
35 418
36 414
37 443
38 432
39 418
40 455
41 458
42 452
43 459
44 452
45 457
46 439
47 451
48 452
49 451
50 449
51 454
52 462
53 463
54 453
55 457
56 449
57 450
58 474
59 462
60 470
61 463
62 475
63 465
64 462
65 463
66 454
67 455
68 459
69 461
70 458
71 460
72 471
73 465
74 470
75 478
76 466
77 467
78 461
79 462
80 464
81 464
82 464
83 476
84 455
85 464
86 473
87 467
88 468
89 452
90 479
91 463
92 480
93 477
94 464
95 480
96 452
97 470
98 485
99 474
100 474
101 472
102 485
103 467
104 478
105 465
106 460
107 478
108 475
109 476
110 465
111 482
112 477
113 476
114 471
115 469
116 478
117 475
118 474
119 480
120 473
121 479
122 481
123 476
124 471
125 483
126 481
127 478
128 471
129 481
130 476
131 485
132 474
133 473
134 477
135 470
136 473
137 487
138 479
139 469
140 477
141 479
142 477
143 480
144 481
145 486
146 479
147 486
148 481
149 479
150 484
151 477
152 482
153 480
154 485
155 487
156 479
157 481
158 480
159 480
160 481
161 482
162 479
163 478
164 488
165 486
166 485
167 484
168 489
169 485
170 480
171 480
172 480
173 484
174 479
175 486
176 476
177 479
178 491
179 483
180 484
181 483
182 486
183 484
184 484
185 485
186 486
187 491
188 485
189 485
190 486
191 485
192 484
193 487
194 484
195 481
196 484
197 487
198 487
199 484
200 485
201 486
202 489
203 485
204 486
205 485
206 486
207 487
208 487
209 487
210 488
211 487
212 486
213 488
214 488
215 487
216 486
217 485
218 488
219 487
220 486
221 493
222 483
223 488
224 487
225 487
226 488
227 488
228 487
229 489
230 486
231 486
232 488
233 488
234 489
235 489
236 490
237 489
238 487
239 489
240 487
241 485
242 489
243 488
244 487
245 489
246 489
247 491
248 487
249 488
250 488
251 487
252 489
253 490
254 489
255 490
256 488
257 492
258 487
259 491
260 488
261 489
262 487
263 490
264 488
265 488
266 494
267 489
268 490
269 490
270 488
271 484
272 491
273 489
274 490
275 488
276 490
277 493
278 489
279 488
280 490
281 490
282 490
283 489
284 494
285 488
286 490
287 492
288 485
289 476
290 491
291 495
292 493
293 495
294 489
295 492
296 493
297 494
298 491
299 480
300 488
301 491
302 499
303 494
304 492
305 497
306 491
307 496
308 493
309 491
310 495
311 496
312 493
313 493
314 494
315 492
316 496
317 491
318 495
319 492
320 491
321 497
322 489
323 492
324 493
325 502
326 497
327 493
328 493
329 493
330 495
331 495
332 495
333 494
334 497
335 505
336 495
337 498
338 495
339 495
340 493
341 494
342 496
343 495
344 494
345 498
346 504
347 498
348 493
349 496
350 497
351 497
352 494
353 498
354 496
355 496
356 495
357 496
358 496
359 497
360 495
361 504
362 497
363 496
364 501
365 497
366 497
367 500
368 499
369 495
370 496
371 498
372 497
373 499
374 498
375 502
376 503
377 497
378 494
379 503
380 500
381 499
382 499
383 501
384 499
385 498
386 499
387 497
388 498
389 503
390 502
391 498
392 493
393 498
394 501
395 501
396 497
397 504
398 499
399 506
400 502
401 507
402 502
403 500
404 504
405 504
406 502
407 500
408 506
409 503
410 505
411 502
412 498
413 500
414 505
415 507
416 502
417 504
418 502
419 508
420 503
421 503
422 504
423 506
424 508
425 508
426 506
427 507
428 501
429 503
430 506
431 505
432 506
433 512
434 507
435 509
436 507
437 503
438 508
439 500
440 507
441 505
442 505
443 506
444 506
445 506
446 505
447 506
448 505
449 511
450 507
451 508
452 508
453 506
454 507
455 513
456 505
457 511
458 508
459 507
460 509
461 508
462 507
463 512
464 510
465 508
466 509
467 509
468 506
469 512
470 506
471 514
472 510
473 507
474 512
475 509
476 510
477 507
478 511
479 509
480 507
481 507
482 508
483 508
484 511
485 511
486 508
487 512
488 509
489 512
490 513
491 512
492 509
493 511
494 510
495 508
496 511
497 510
498 512
499 509
500 511
501 510
502 511
503 515
504 512
505 514
506 512
507 514
508 512
509 512
510 510
511 517
512 511
513 513
514 511
515 513
516 512
517 510
518 513
519 511
520 513
521 511
522 511
523 513
524 513
525 516
526 515
527 516
528 515
529 512
530 514
531 514
532 513
533 512
534 515
535 514
536 512
537 512
538 518
539 515
540 512
541 512
542 514
543 513
544 513
545 516
546 514
547 514
548 514
549 513
550 513
551 516
552 514
553 516
554 514
555 516
556 513
557 517
558 516
559 514
560 514
561 515
562 515
563 515
564 513
565 515
566 514
567 517
568 514
569 515
570 515
571 519
572 514
573 519
574 515
575 514
576 514
577 514
578 516
579 515
580 516
581 517
582 515
583 514
584 518
585 516
586 515
587 517
588 518
589 520
590 517
591 518
592 517
593 520
594 515
595 514
596 517
597 519
598 518
599 517
600 515
601 517
602 518
603 519
604 517
605 517
606 521
607 518
608 517
609 518
610 517
611 517
612 517
613 518
614 520
615 519
616 519
617 519
618 520
619 517
620 518
621 520
622 517
623 518
624 517
625 519
626 518
627 519
628 517
629 520
630 519
631 519
632 518
633 520
634 521
635 519
636 522
637 517
638 520
639 518
640 518
641 519
642 519
643 520
644 520
645 518
646 521
647 521
648 518
649 520
650 518
651 521
652 518
653 521
654 521
655 521
656 520
657 520
658 522
659 520
660 522
661 519
662 519
663 519
664 519
665 520
666 519
667 522
668 521
669 521
670 520
671 520
672 520
673 523
674 521
675 522
676 523
677 519
678 519
679 519
680 523
681 522
682 520
683 522
684 523
685 523
686 522
687 523
688 524
689 522
690 521
691 522
692 521
693 521
694 522
695 524
696 521
697 524
698 523
699 520
700 524
701 523
702 522
703 521
704 524
705 523
706 523
707 522
708 523
709 521
710 524
711 523
712 522
713 524
714 524
715 522
716 524
717 523
718 524
719 523
720 524
721 522
722 522
723 523
724 524
725 525
726 525
727 524
728 524
729 523
730 523
731 523
732 523
733 525
734 525
735 523
736 522
737 525
738 525
739 523
740 524
741 525
742 523
743 525
744 523
745 524
746 525
747 525
748 523
749 524
750 525
751 523
752 523
753 525
754 523
755 524
756 524
757 525
758 524
759 525
760 524
761 524
762 523
763 525
764 525
765 523
766 524
767 525
768 525
769 526
770 525
771 526
772 524
773 525
774 524
775 524
776 524
777 524
778 524
779 524
780 524
781 526
782 526
783 524
784 524
785 524
786 524
787 524
788 527
789 525
790 527
791 526
792 525
793 524
794 523
795 526
796 526
797 524
798 526
799 524
800 524
801 524
802 524
803 524
804 526
805 526
806 528
807 524
808 525
809 527
810 526
811 525
812 527
813 527
814 526
815 526
816 528
817 526
818 526
819 525
820 524
821 526
822 525
823 527
824 525
825 525
826 526
827 526
828 527
829 527
830 527
831 525
832 527
833 524
834 529
835 526
836 526
837 526
838 528
839 529
840 526
841 527
842 527
843 526
844 529
845 526
846 525
847 529
848 525
849 527
850 526
851 525
852 525
853 528
854 529
855 529
856 529
857 526
858 528
859 526
860 527
861 526
862 530
863 528
864 528
865 527
866 528
867 527
868 528
869 526
870 528
871 528
872 526
873 528
874 528
875 527
876 528
877 530
878 526
879 529
880 527
881 527
882 530
883 528
884 527
885 530
886 528
887 529
888 529
889 527
890 527
891 527
892 528
893 528
894 528
895 526
896 528
897 530
898 530
899 529
900 529
901 532
902 528
903 530
904 529
905 527
906 530
907 530
908 531
909 531
910 530
911 528
912 528
913 528
914 529
915 530
916 530
917 530
918 529
919 529
920 529
921 529
922 528
923 530
924 530
925 529
926 532
927 529
928 531
929 531
930 532
931 533
932 531
933 529
934 529
935 529
936 531
937 529
938 529
939 531
940 529
941 531
942 529
943 531
944 530
945 530
946 530
947 530
948 529
949 531
950 531
951 533
952 531
953 531
954 529
955 532
956 533
957 530
958 529
959 531
960 529
961 530
962 530
963 531
964 531
965 535
966 532
967 532
968 533
969 532
970 530
971 531
972 532
973 531
974 533
975 530
976 532
977 532
978 530
979 532
980 533
981 531
982 531
983 532
984 531
985 532
986 531
987 531
988 533
989 531
990 533
991 534
992 533
993 530
994 534
995 533
996 535
997 533
998 534
999 532
