0 1.03088
1 0.981567
2 0.99061
3 0.995261
4 0.988095
5 1
6 0.995181
7 0.997579
8 0.992718
9 1
10 1.00489
11 0.990268
12 1.00491
13 0.992665
14 1
15 0.987685
16 1.00499
17 0.980149
18 1.00253
19 1
20 1.00253
21 0.989924
22 0.997455
23 0.989796
24 0.997423
25 1.00258
26 0.994845
27 1.00259
28 0.989664
29 1
30 0.997389
31 1.00262
32 0.994778
33 0.997375
34 1
35 0.997368
36 0.997361
37 1.00265
38 0.997361
39 0.997354
40 0.997347
41 1
42 0.99734
43 1
44 1
45 0.997333
46 1
47 0.997326
48 0.997319
49 0.997312
50 1
51 0.997305
52 1
53 0.994595
54 1
55 0.997283
56 1
57 0.99455
58 1
59 1
