0 0
1 0.0388128
2 0.0195984
3 0.0131087
4 0.0104362
5 0.0107301
6 0.00894978
7 0.00836076
8 0.00762026
9 0.00758263
10 0.00682697
11 0.00620826
12 0.00609847
13 0.00563068
14 0.00540433
15 0.00504495
16 0.00550091
17 0.00517816
18 0.00572428
19 0.00542382
20 0.00515333
21 0.00490854
22 0.00491557
23 0.0048126
24 0.00503783
25 0.00493953
26 0.00475
27 0.00466986
28 0.00450346
29 0.00461634
30 0.00446281
31 0.00440313
32 0.00426582
33 0.00421592
34 0.00416916
35 0.00405028
36 0.0040109
37 0.00397383
38 0.00386946
39 0.00377043
40 0.00374232
41 0.00371576
42 0.00362745
43 0.00360495
44 0.00352316
45 0.00344501
46 0.00342809
47 0.00335528
48 0.00334108
49 0.00332762
50 0.00331483
51 0.00324994
52 0.00323928
53 0.00317826
54 0.00321955
55 0.0031611
56 0.00315318
57 0.00309795
58 0.00313854
59 0.00308543
60 0.00303408
