0 0.451111
1 0.431111
2 0.483333
3 0.448889
4 0.507778
5 0.497778
6 0.495556
7 0.495556
8 0.497778
9 0.424444
10 0.422222
11 0.422222
12 0.442222
13 0.508889
14 0.436667
15 0.512222
16 0.413333
17 0.483333
18 0.477778
19 0.486667
20 0.471111
21 0.466667
22 0.442222
23 0.448889
24 0.466667
25 0.467778
26 0.447778
27 0.455556
28 0.447778
29 0.447778
30 0.441111
31 0.453333
32 0.447778
33 0.445556
34 0.445556
35 0.448889
36 0.446667
37 0.45
38 0.447778
39 0.447778
40 0.445556
41 0.45
42 0.448889
43 0.451111
44 0.448889
45 0.451111
46 0.45
47 0.448889
48 0.451111
49 0.456667
50 0.451111
51 0.453333
52 0.452222
53 0.452222
54 0.451111
55 0.455556
56 0.448889
57 0.454444
58 0.455556
59 0.455556
