-448 -445 -438 -434 -420 -431 -423 -418 -415 -416 -415 -412 -411 -410 -416 -415 -409 -407 -406 -404 -397 -399 -395 -394 -394 -389 -386 -392 -389 -388 -385 -387 -386 -386 -383 -383 -383 -382 -379 -378 -378 -379 -378 -377 -375 -376 -375 -373 -376 -376 -374 -372 -372 -372 -369 -371 -370 -365 -369 -366 
-441 -442 -430 -433 -448 -422 -430 -420 -416 -416 -414 -413 -411 -411 -409 -424 -404 -398 -404 -403 -403 -399 -393 -395 -394 -392 -390 -389 -390 -390 -384 -387 -385 -386 -382 -379 -381 -381 -379 -379 -377 -376 -376 -377 -377 -375 -376 -375 -376 -374 -374 -371 -372 -372 -370 -369 -370 -368 -368 -368 
-439 -448 -437 -439 -430 -425 -427 -415 -411 -415 -415 -414 -410 -410 -411 -409 -407 -403 -405 -405 -406 -403 -398 -394 -394 -393 -393 -389 -389 -387 -385 -384 -385 -386 -383 -382 -382 -381 -380 -379 -377 -377 -376 -377 -376 -376 -376 -373 -374 -375 -372 -371 -373 -372 -372 -369 -370 -368 -369 -369 
-457 -441 -425 -438 -415 -426 -413 -413 -415 -414 -414 -407 -411 -412 -410 -405 -409 -407 -406 -396 -397 -396 -396 -388 -395 -391 -388 -392 -385 -389 -388 -386 -385 -384 -380 -383 -381 -380 -380 -380 -378 -380 -378 -377 -375 -376 -376 -374 -374 -373 -371 -371 -372 -374 -372 -368 -371 -367 -368 -368 
-467 -448 -435 -436 -426 -420 -421 -421 -420 -409 -413 -417 -413 -408 -412 -407 -405 -407 -402 -403 -400 -401 -398 -393 -394 -392 -391 -388 -388 -387 -386 -386 -387 -385 -385 -382 -383 -380 -378 -380 -377 -376 -376 -375 -375 -377 -376 -375 -372 -375 -374 -374 -370 -372 -372 -367 -369 -368 -369 -369 
-458 -443 -438 -436 -426 -427 -431 -419 -420 -415 -413 -412 -411 -413 -410 -405 -404 -407 -396 -404 -401 -394 -392 -391 -395 -393 -390 -391 -386 -389 -386 -386 -385 -384 -386 -383 -380 -382 -380 -380 -376 -377 -377 -375 -377 -375 -376 -376 -376 -375 -373 -372 -374 -370 -371 -369 -369 -370 -369 -369 
-482 -461 -437 -436 -428 -421 -423 -420 -420 -415 -413 -413 -413 -409 -407 -411 -407 -405 -402 -399 -401 -398 -397 -393 -389 -388 -393 -388 -388 -389 -387 -387 -386 -383 -383 -383 -381 -379 -378 -377 -378 -378 -376 -377 -376 -375 -376 -377 -375 -374 -373 -374 -371 -370 -370 -371 -367 -369 -367 -367 
-437 -449 -446 -424 -415 -419 -421 -420 -416 -414 -412 -413 -415 -412 -411 -408 -407 -405 -407 -403 -399 -393 -397 -397 -393 -390 -389 -387 -386 -387 -388 -387 -383 -385 -381 -383 -381 -379 -381 -379 -379 -379 -377 -378 -375 -377 -376 -374 -373 -374 -374 -373 -373 -371 -370 -371 -369 -368 -369 -369 
-490 -448 -445 -445 -433 -424 -423 -419 -421 -415 -413 -412 -411 -411 -412 -407 -406 -405 -404 -403 -401 -398 -396 -392 -392 -392 -391 -388 -388 -387 -385 -384 -386 -386 -382 -382 -382 -382 -381 -378 -378 -376 -376 -375 -377 -376 -374 -374 -374 -373 -371 -374 -373 -371 -370 -371 -369 -369 -367 -367 
-482 -449 -441 -436 -422 -429 -420 -418 -414 -416 -414 -412 -412 -413 -410 -406 -408 -406 -403 -400 -402 -400 -394 -400 -392 -391 -393 -391 -388 -384 -386 -386 -385 -382 -383 -380 -380 -380 -381 -377 -379 -377 -378 -375 -377 -375 -374 -376 -375 -373 -374 -370 -370 -368 -371 -369 -371 -367 -366 -366 
-457 -451 -439 -427 -435 -417 -419 -421 -424 -413 -412 -413 -413 -410 -410 -409 -404 -403 -403 -401 -401 -396 -392 -393 -394 -391 -393 -389 -390 -390 -388 -384 -385 -384 -385 -381 -379 -382 -381 -381 -379 -377 -378 -377 -375 -375 -376 -374 -373 -373 -375 -372 -372 -372 -371 -371 -368 -370 -367 -367 
-437 -446 -442 -433 -440 -419 -414 -422 -421 -416 -412 -411 -411 -412 -410 -420 -409 -395 -406 -405 -403 -396 -392 -395 -393 -394 -392 -390 -383 -383 -388 -386 -381 -385 -383 -381 -381 -379 -380 -381 -378 -378 -377 -376 -377 -374 -376 -376 -373 -375 -371 -372 -373 -370 -371 -371 -367 -368 -370 -370 
-444 -438 -440 -432 -422 -422 -421 -412 -409 -419 -413 -414 -411 -412 -411 -412 -405 -405 -402 -404 -402 -398 -394 -395 -387 -388 -388 -392 -389 -389 -382 -384 -386 -383 -382 -381 -378 -382 -381 -381 -376 -377 -376 -375 -376 -375 -376 -376 -374 -373 -375 -373 -370 -371 -371 -369 -370 -368 -366 -366 
-449 -437 -429 -448 -425 -429 -414 -414 -417 -416 -414 -414 -409 -406 -406 -409 -408 -402 -404 -402 -397 -400 -393 -393 -395 -394 -394 -389 -387 -387 -385 -387 -381 -382 -381 -380 -383 -379 -379 -377 -377 -379 -375 -377 -376 -374 -376 -376 -374 -376 -373 -372 -372 -373 -372 -371 -371 -370 -367 -367 
-434 -447 -435 -421 -424 -419 -419 -419 -416 -413 -415 -412 -413 -411 -412 -401 -409 -405 -404 -403 -398 -394 -399 -399 -399 -399 -399 -390 -389 -389 -388 -383 -385 -380 -383 -383 -380 -380 -380 -378 -378 -376 -375 -375 -375 -376 -376 -376 -372 -371 -374 -373 -371 -370 -370 -369 -369 -368 -365 -365 
-482 -443 -430 -437 -435 -424 -421 -421 -417 -413 -413 -412 -412 -410 -410 -406 -403 -405 -405 -401 -402 -397 -397 -397 -397 -397 -397 -388 -387 -387 -388 -384 -384 -384 -384 -382 -382 -382 -382 -380 -380 -377 -376 -376 -376 -376 -376 -376 -374 -374 -375 -372 -371 -370 -370 -371 -371 -367 -367 -367 
-486 -451 -422 -420 -418 -415 -416 -416 -414 -416 -416 -416 -412 -410 -408 -408 -411 -407 -404 -402 -407 -395 -395 -395 -395 -395 -395 -391 -391 -391 -386 -386 -386 -386 -386 -380 -380 -380 -380 -380 -380 -380 -376 -376 -376 -376 -376 -376 -374 -374 -375 -374 -373 -369 -371 -369 -370 -369 -369 -369 
-457 -450 -450 -423 -423 -426 -423 -423 -423 -415 -415 -415 -413 -412 -412 -403 -408 -408 -408 -398 -402 -398 -398 -398 -398 -398 -398 -398 -398 -398 -398 -398 -398 -398 -398 -383 -383 -383 -383 -383 -383 -383 -383 -383 -383 -383 -383 -383 -375 -375 -375 -372 -373 -373 -368 -370 -370 -370 -370 -370 
-468 -426 -426 -436 -424 -427 -427 -427 -427 -414 -414 -414 -411 -411 -411 -411 -411 -411 -411 -411 -411 -402 -402 -402 -402 -402 -402 -402 -402 -402 -402 -402 -402 -402 -402 -382 -382 -382 -382 -382 -382 -382 -382 -382 -382 -382 -382 -382 -382 -382 -382 -372 -373 -373 -373 -373 -369 -369 -369 -369 
-482 -482 -482 -482 -429 -429 -429 -429 -429 -411 -411 -411 -411 -411 -411 -411 -411 -411 -411 -411 -411 -400 -400 -400 -400 -400 -400 -400 -400 -400 -400 -400 -400 -400 -400 -400 -400 -400 -400 -400 -400 -400 -400 -400 -400 -400 -400 -400 -400 -400 -400 -374 -374 -374 -374 -374 -369 -369 -369 -369 
