0 0.482222
1 0.473333
2 0.468889
3 0.466667
4 0.461111
5 0.461111
6 0.458889
7 0.457778
8 0.454444
9 0.454444
10 0.456667
11 0.452222
12 0.454444
13 0.451111
14 0.451111
15 0.445556
16 0.447778
17 0.438889
18 0.44
19 0.44
20 0.441111
21 0.436667
22 0.435556
23 0.431111
24 0.43
25 0.431111
26 0.428889
27 0.43
28 0.425556
29 0.425556
30 0.424444
31 0.425556
32 0.423333
33 0.422222
34 0.422222
35 0.421111
36 0.42
37 0.421111
38 0.42
39 0.418889
40 0.417778
41 0.417778
42 0.416667
43 0.416667
44 0.416667
45 0.415556
46 0.415556
47 0.414444
48 0.413333
49 0.412222
50 0.412222
51 0.411111
52 0.411111
53 0.408889
54 0.408889
55 0.407778
56 0.407778
57 0.405556
58 0.405556
59 0.405556
