35 35 34 36 35 34 35 33 35 34 35 35 33 35 36 35 35 35 35 35 
35 35 35 35 34 35 34 35 33 34 35 35 35 35 35 34 33 35 34 34 
35 35 35 35 35 35 34 35 35 35 35 35 35 35 35 35 35 35 36 34 
36 35 36 35 35 35 35 35 35 35 35 35 36 35 36 36 35 35 36 35 
35 35 35 36 35 35 36 36 36 35 36 35 36 36 35 36 35 36 35 35 
36 36 36 36 36 35 35 36 36 36 35 36 36 36 36 36 35 36 36 36 
36 36 36 36 36 36 36 36 36 36 36 36 36 36 36 36 36 36 36 36 
36 36 36 36 36 36 36 36 36 36 36 36 36 36 36 36 36 36 36 36 
36 36 36 36 36 36 36 36 36 36 36 36 36 36 36 36 36 36 36 36 
36 36 36 36 36 36 36 36 36 36 36 36 36 36 36 36 36 36 36 36 
36 36 36 36 36 36 36 36 36 36 36 36 36 36 36 36 36 36 36 36 
36 36 36 36 36 36 36 36 36 36 36 36 36 36 36 36 36 36 36 36 
36 37 36 36 36 36 36 36 36 36 36 36 36 36 36 36 36 36 36 36 
36 36 36 36 36 36 36 36 36 36 36 36 36 36 36 36 36 36 36 36 
36 36 36 36 36 36 37 36 36 36 36 36 36 36 36 36 36 36 36 36 
36 36 36 36 37 36 36 36 36 36 36 36 36 36 36 36 36 37 36 36 
36 36 37 37 36 37 36 36 36 36 36 37 37 37 36 36 37 37 36 36 
36 37 36 36 36 37 36 37 37 36 37 37 37 37 37 36 37 36 37 36 
37 37 36 36 37 37 37 37 37 37 37 37 37 37 37 37 37 37 37 37 
37 37 37 37 37 37 37 37 37 37 37 37 37 37 37 37 37 37 37 37 
37 37 37 37 37 37 37 37 37 37 37 37 37 37 37 37 37 37 37 37 
37 37 37 37 37 37 37 37 37 37 37 37 37 37 37 37 37 37 37 37 
37 37 37 37 37 37 37 37 37 37 37 37 37 37 37 37 37 37 37 37 
37 37 37 37 37 37 37 37 37 37 37 37 37 37 37 37 37 37 37 37 
37 37 37 37 37 37 37 37 37 37 37 37 37 37 37 37 37 37 37 37 
37 37 37 37 37 37 37 37 37 37 37 37 37 37 37 37 37 37 37 37 
37 37 37 37 37 37 37 37 37 37 37 37 37 37 37 37 37 37 37 37 
37 37 37 37 37 37 37 37 37 37 37 37 37 37 37 37 37 37 37 37 
37 37 37 37 37 37 37 37 37 37 37 37 37 37 37 37 37 37 37 37 
37 37 37 37 37 37 37 37 37 37 37 37 37 37 37 37 37 37 37 37 
37 37 37 37 37 37 37 37 37 37 37 37 37 37 37 37 37 37 37 37 
37 37 37 37 37 37 37 37 37 37 37 37 37 37 37 37 37 37 37 37 
37 37 37 37 37 37 37 37 37 37 37 37 37 37 37 37 37 37 37 37 
37 37 37 37 37 37 37 37 37 37 37 37 37 37 37 37 37 37 37 37 
37 37 37 37 37 37 37 37 37 38 37 37 37 37 37 37 37 37 37 37 
37 37 37 37 37 37 37 37 37 38 37 37 37 38 37 37 37 37 37 37 
37 38 37 37 37 37 38 37 37 37 37 37 37 37 38 37 37 37 38 37 
37 38 37 37 37 37 37 37 37 38 37 37 37 38 38 37 38 37 38 37 
37 37 37 38 38 37 38 38 37 38 37 38 37 38 38 37 38 37 38 37 
38 37 37 37 37 38 37 38 37 38 37 38 37 38 38 38 38 38 38 38 
38 38 38 37 37 38 37 38 38 38 38 38 38 38 38 38 38 37 37 37 
38 38 38 38 38 38 38 38 38 38 38 38 38 38 38 38 38 37 37 37 
38 38 38 38 38 38 38 38 38 38 38 38 38 38 38 38 38 38 38 38 
38 38 38 38 38 38 38 38 38 38 38 38 38 38 38 38 38 38 38 38 
38 38 38 38 38 38 38 38 38 38 38 38 38 38 38 38 38 38 38 38 
38 38 38 38 38 38 38 38 38 38 38 38 38 38 38 38 38 38 38 38 
38 38 38 38 38 38 38 38 38 38 38 38 38 38 38 38 38 38 38 38 
38 38 38 38 38 38 38 38 38 38 38 38 38 38 38 38 38 38 38 38 
38 38 38 38 38 38 38 38 38 38 38 38 38 38 38 38 38 38 38 38 
38 38 38 38 38 38 38 38 38 38 38 38 38 38 38 38 38 38 38 38 
38 38 38 38 38 38 38 38 38 38 38 38 38 38 38 38 38 38 38 38 
38 38 38 38 38 38 38 38 38 38 38 38 38 38 38 38 38 38 38 38 
38 38 38 38 38 38 38 38 38 38 38 38 38 38 38 38 38 38 38 38 
38 38 38 38 38 38 38 38 38 38 38 38 38 38 38 38 38 38 38 38 
38 38 38 38 38 38 38 38 38 38 38 38 38 38 38 38 38 38 38 38 
38 38 38 38 38 38 38 38 38 38 38 38 38 38 38 38 38 38 38 38 
38 38 38 38 38 38 38 38 38 38 38 38 38 38 38 38 38 38 38 38 
38 38 38 38 38 38 38 38 38 38 38 38 38 38 38 38 38 38 38 38 
38 38 38 38 38 38 38 38 38 38 38 38 38 38 38 38 38 38 38 38 
38 38 38 38 38 38 38 38 38 38 38 38 38 38 38 38 38 38 38 38 
38 38 38 38 38 38 38 38 38 38 38 38 38 38 38 38 38 38 38 38 
