0 -1.021e+13
1 -1.011e+13
2 -9.62e+12
3 -8.26e+12
4 -8.06e+12
5 -7.57e+12
6 -7.48e+12
7 -7.87e+12
8 -7.09e+12
9 -6.99e+12
10 -6.9e+12
11 -6.42e+12
12 -6.12e+12
13 -6.31e+12
14 -4.86e+12
15 -5.44e+12
16 -5.15e+12
17 -4.47e+12
18 -4.47e+12
19 -4.08e+12
20 -4.18e+12
21 -3.79e+12
22 -3.79e+12
23 -3.79e+12
24 -3.5e+12
25 -3.98e+12
26 -3.6e+12
27 -3.21e+12
28 -3.11e+12
29 -3.4e+12
30 -3.02e+12
31 -2.92e+12
32 -2.83e+12
33 -2.92e+12
34 -2.53e+12
35 -2.53e+12
36 -2.34e+12
37 -2.14e+12
38 -2.24e+12
39 -1.85e+12
40 -1.95e+12
41 -1.95e+12
42 -1.76e+12
43 -1.56e+12
44 -1.56e+12
45 -1.37e+12
46 -1.46e+12
47 -1.37e+12
48 -1.37e+12
49 -1.17e+12
50 -9.8e+11
51 -9.8e+11
52 -8.9e+11
53 -7.9e+11
54 -7e+11
55 -7.9e+11
56 -5.1e+11
57 -7e+11
58 -6e+11
59 -4.1e+11
60 -2.2e+11
61 -4.2e+11
62 -3.2e+11
63 -3.3e+11
64 -3.1e+11
65 -3.2e+11
66 -2.2e+11
