0 0.972381
1 0.990206
2 0.951533
3 0.858628
4 0.975787
5 0.939206
6 0.988111
7 1.05214
8 0.900889
9 0.985896
10 0.987124
11 0.930435
12 0.953271
13 1.03105
14 0.770206
15 1.11934
16 0.946691
17 0.867961
18 1
19 0.912752
20 1.02451
21 0.906699
22 1
23 1
24 0.923483
25 1.13714
26 0.904523
27 0.891667
28 0.968847
29 1.09325
30 0.888235
31 0.966887
32 0.969178
33 1.0318
34 0.866438
35 1
36 0.924901
37 0.91453
38 1.04673
39 0.825893
40 1.05405
41 1
42 0.902564
43 0.886364
44 1
45 0.878205
46 1.06569
47 0.938356
48 1
49 0.854015
50 0.837607
51 1
52 0.908163
53 0.88764
54 0.886076
55 1.12857
56 0.64557
57 1.37255
58 0.857143
59 0.683333
60 0.536585
61 1.90909
62 0.761905
63 1.03125
64 0.939394
65 1.03226
66 0.6875
