0 -1673
1 -1372
2 -1070
3 -1468
4 -1478
5 -1186
6 -1050
7 -1351
8 -1274
9 -1323
10 -1497
11 -1108
12 -1283
13 -1322
14 -1420
15 -1323
16 -1234
17 -1410
18 -1235
19 -1108
20 -1147
21 -1284
22 -1507
23 -1381
24 -1566
25 -1322
26 -1498
27 -1517
28 -1147
29 -1021
30 -1323
31 -1381
32 -1274
33 -1488
34 -1264
35 -1060
36 -1381
37 -1712
38 -1507
39 -1585
40 -1313
41 -1274
42 -1313
43 -1147
44 -1138
45 -1060
46 -1488
47 -1313
48 -1195
49 -1147
50 -1157
51 -1011
52 -1127
53 -1196
54 -1362
55 -1088
56 -1147
57 -1089
58 -1176
59 -1196
60 -1137
61 -1079
62 -1177
63 -1177
64 -1108
65 -1215
66 -1186
67 -1011
68 -1176
69 -1069
70 -1040
71 -1069
72 -1089
73 -982
74 -1128
75 -1177
76 -962
77 -1127
78 -1001
79 -1001
80 -1206
81 -826
82 -1049
83 -1147
84 -1040
85 -1079
86 -1147
87 -1118
88 -845
89 -1001
90 -1041
91 -1127
92 -845
93 -1118
94 -1089
95 -1011
96 -1040
97 -1137
98 -1089
99 -1157
100 -1069
101 -982
102 -806
103 -1235
104 -1069
105 -943
106 -1148
107 -816
108 -1099
109 -1060
110 -1001
111 -972
112 -962
113 -1050
114 -816
115 -1108
116 -972
117 -855
118 -1050
119 -865
120 -757
121 -884
122 -1118
123 -1030
124 -1011
125 -1040
126 -884
127 -1060
128 -855
129 -1040
130 -1050
131 -816
132 -884
133 -1050
134 -914
135 -855
136 -826
137 -806
138 -845
139 -923
140 -904
141 -1001
142 -943
143 -933
144 -845
145 -1001
146 -1001
147 -913
148 -748
149 -1001
150 -787
151 -864
152 -845
153 -797
154 -894
155 -904
156 -816
157 -884
158 -845
159 -884
160 -806
161 -874
162 -787
163 -796
164 -796
165 -826
166 -855
167 -825
168 -777
169 -864
170 -855
171 -777
172 -845
173 -845
174 -845
175 -865
176 -709
177 -836
178 -836
179 -777
180 -816
181 -787
182 -786
183 -738
184 -835
185 -836
186 -816
187 -845
188 -796
189 -748
190 -767
191 -884
192 -816
193 -787
194 -826
195 -816
196 -748
197 -777
198 -699
199 -709
200 -690
201 -806
202 -709
203 -816
204 -835
205 -738
206 -719
207 -845
208 -826
209 -806
210 -845
211 -767
212 -709
213 -748
214 -767
215 -787
216 -699
217 -758
218 -748
219 -777
220 -738
221 -728
222 -738
223 -660
224 -680
225 -796
226 -796
227 -642
228 -787
229 -748
230 -767
231 -699
232 -845
233 -660
234 -641
235 -689
236 -777
237 -748
238 -612
239 -748
240 -787
241 -728
242 -709
243 -651
244 -777
245 -699
246 -699
247 -767
248 -865
249 -728
250 -651
251 -738
252 -738
253 -738
254 -670
255 -680
256 -680
257 -661
258 -670
259 -631
260 -670
261 -641
262 -680
263 -631
264 -680
265 -641
266 -641
267 -689
268 -602
269 -699
270 -612
271 -661
272 -641
273 -651
274 -622
275 -709
276 -660
277 -486
278 -738
279 -709
280 -699
281 -612
282 -583
283 -680
284 -651
285 -602
286 -651
287 -670
288 -680
289 -748
290 -680
291 -563
292 -670
293 -602
294 -642
295 -660
296 -544
297 -690
298 -651
299 -671
300 -592
301 -631
302 -602
303 -641
304 -641
305 -660
306 -631
307 -563
308 -641
309 -515
310 -583
311 -612
312 -709
313 -602
314 -602
315 -622
316 -641
317 -641
318 -592
319 -534
320 -554
321 -621
322 -612
323 -505
324 -641
325 -612
326 -603
327 -573
328 -563
329 -631
330 -583
331 -447
332 -515
333 -612
334 -534
335 -602
336 -544
337 -602
338 -563
339 -573
340 -593
341 -602
342 -505
343 -583
344 -408
345 -563
346 -534
347 -466
348 -631
349 -573
350 -573
351 -515
352 -534
353 -534
354 -447
355 -631
356 -534
357 -554
358 -418
359 -563
360 -573
361 -544
362 -573
363 -515
364 -525
365 -515
366 -563
367 -476
368 -476
369 -476
370 -486
371 -525
372 -505
373 -544
374 -476
375 -476
376 -379
377 -476
378 -418
379 -515
380 -408
381 -515
382 -418
383 -476
384 -476
385 -447
386 -476
387 -437
388 -447
389 -486
390 -437
391 -486
392 -379
393 -486
394 -486
395 -418
396 -418
397 -486
398 -379
399 -437
400 -457
401 -437
402 -447
403 -447
404 -476
405 -408
406 -379
407 -408
408 -437
409 -379
410 -389
411 -408
412 -408
413 -398
414 -457
415 -350
416 -418
417 -437
418 -447
419 -408
420 -457
421 -447
422 -437
423 -418
424 -408
425 -418
426 -437
427 -418
428 -437
429 -398
430 -418
431 -418
432 -418
433 -427
434 -447
435 -427
436 -437
437 -379
438 -360
439 -398
440 -389
441 -418
442 -457
443 -408
444 -331
445 -408
446 -321
447 -408
448 -389
449 -331
450 -408
451 -408
452 -408
453 -408
454 -340
455 -370
456 -408
457 -389
458 -311
459 -408
460 -379
461 -379
462 -379
463 -379
464 -389
465 -389
466 -340
467 -379
468 -379
469 -389
470 -360
471 -331
472 -389
473 -350
474 -302
475 -360
476 -321
477 -312
478 -389
479 -340
480 -340
481 -312
482 -331
483 -321
484 -321
485 -340
486 -360
487 -360
488 -360
489 -350
490 -360
491 -360
492 -360
493 -292
494 -341
495 -360
496 -350
497 -312
498 -321
499 -283
500 -350
501 -370
502 -360
503 -330
504 -360
505 -331
506 -370
507 -360
508 -321
509 -360
510 -370
511 -360
512 -302
513 -292
514 -331
515 -302
516 -341
517 -340
518 -312
519 -350
520 -341
521 -341
522 -331
523 -292
524 -350
525 -292
526 -350
527 -283
528 -321
529 -282
530 -321
531 -253
532 -331
533 -330
534 -331
535 -331
536 -331
537 -273
538 -292
539 -292
540 -340
541 -340
542 -292
543 -312
544 -273
545 -331
546 -331
547 -331
548 -292
549 -321
550 -253
551 -360
552 -331
553 -273
554 -302
555 -340
556 -302
557 -311
558 -253
559 -263
560 -272
561 -302
562 -331
563 -302
564 -311
565 -282
566 -282
567 -273
568 -253
569 -234
570 -263
571 -272
572 -214
573 -312
574 -273
575 -253
576 -311
577 -234
578 -312
579 -292
580 -301
581 -311
582 -263
583 -273
584 -253
585 -234
586 -253
587 -244
588 -282
589 -224
590 -282
591 -282
592 -292
593 -292
594 -321
595 -243
596 -263
597 -234
598 -292
599 -234
600 -253
601 -263
602 -243
603 -273
604 -292
605 -253
606 -214
607 -214
608 -282
609 -243
610 -273
611 -253
612 -292
613 -292
614 -234
615 -185
616 -243
617 -253
618 -282
619 -253
620 -214
621 -243
622 -214
623 -263
624 -253
625 -263
626 -243
627 -195
628 -282
629 -263
630 -282
631 -243
632 -263
633 -234
634 -273
635 -224
636 -253
637 -244
638 -243
639 -253
640 -263
641 -253
642 -253
643 -233
644 -233
645 -244
646 -253
647 -253
648 -215
649 -195
650 -214
651 -224
652 -253
653 -214
654 -263
655 -253
656 -233
657 -233
658 -214
659 -253
660 -253
661 -243
662 -215
663 -176
664 -205
665 -253
666 -253
667 -214
668 -253
669 -185
670 -186
671 -156
672 -253
673 -243
674 -156
675 -195
676 -243
677 -233
678 -253
679 -233
680 -195
681 -233
682 -243
683 -205
684 -224
685 -186
686 -243
687 -243
688 -214
689 -185
690 -156
691 -214
692 -234
693 -234
694 -253
695 -205
696 -176
697 -175
698 -195
699 -215
700 -214
701 -224
702 -224
703 -214
704 -224
705 -185
706 -234
707 -195
708 -214
709 -195
710 -175
711 -176
712 -137
713 -157
714 -195
715 -205
716 -214
717 -215
718 -195
719 -204
720 -204
721 -146
722 -175
723 -204
724 -186
725 -166
726 -185
727 -224
728 -194
729 -214
730 -177
731 -166
732 -166
733 -175
734 -137
735 -204
736 -195
737 -195
738 -185
739 -214
740 -148
741 -185
742 -165
743 -175
744 -175
745 -137
746 -195
747 -185
748 -166
749 -195
750 -166
751 -175
752 -175
753 -137
754 -166
755 -195
756 -117
757 -175
758 -195
759 -167
760 -128
761 -176
762 -176
763 -195
764 -195
765 -185
766 -128
767 -117
768 -127
769 -156
770 -98
771 -156
772 -147
773 -166
774 -185
775 -185
776 -176
777 -147
778 -166
779 -166
780 -118
781 -98
782 -166
783 -118
784 -157
785 -118
786 -166
787 -136
788 -166
789 -127
790 -108
791 -98
792 -118
793 -89
794 -89
795 -157
796 -127
797 -137
798 -147
799 -157
800 -127
801 -98
802 -137
803 -127
804 -157
805 -117
806 -79
807 -137
808 -127
809 -137
810 -98
811 -117
812 -118
813 -117
814 -137
815 -137
816 -118
817 -137
818 -118
819 -108
820 -118
821 -98
822 -136
823 -127
824 -98
825 -98
826 -118
827 -70
828 -89
829 -89
830 -117
831 -118
832 -127
833 -156
834 -79
835 -89
836 -117
837 -108
838 -117
839 -118
840 -137
841 -79
842 -80
843 -117
844 -128
845 -137
846 -117
847 -51
848 -70
849 -128
850 -108
851 -79
852 -108
853 -89
854 -70
855 -108
856 -118
857 -98
858 -108
859 -118
860 -108
861 -109
862 -117
863 -118
864 -117
865 -70
866 -89
867 -108
868 -88
869 -70
870 -117
871 -70
872 -108
873 -70
874 -128
875 -98
876 -98
877 -98
878 -60
879 -60
880 -60
881 -80
882 -71
883 -99
884 -108
885 -79
886 -60
887 -89
888 -89
889 -99
890 -89
891 -79
892 -79
893 -89
894 -60
895 -41
896 -109
897 -89
898 -89
899 -70
900 -89
901 -51
902 -51
903 -99
904 -89
905 -89
906 -70
907 -89
908 -99
909 -89
910 -89
911 -99
912 -42
913 -22
914 -99
915 -60
916 -42
917 -89
918 -51
919 -71
920 -50
921 -99
922 -60
923 -51
924 -79
925 -89
926 -52
927 -89
928 -69
929 -42
930 -51
931 -70
932 -70
933 -60
934 -50
935 -70
936 -79
937 -51
938 -70
939 -32
940 -51
941 -79
942 -70
943 -70
944 -70
945 -79
946 -80
947 -70
948 -61
949 -51
950 -70
951 -50
952 -80
953 -42
954 -41
955 -33
956 -51
957 -80
958 -50
959 -42
960 -71
961 -70
962 -51
963 -41
964 -61
965 -69
966 -42
967 -61
968 -32
969 -41
970 -51
971 -41
972 -71
973 -50
974 -33
975 -32
976 -50
977 -61
978 -31
979 -59
980 -32
981 -60
982 -51
983 -60
984 -80
985 -51
986 -60
987 -61
988 -70
989 -42
990 -60
991 -51
992 -50
993 -51
994 -80
995 -80
996 -60
997 -60
998 -22
999 -70
