0 -0.027619
1 -0.00979432
2 -0.0484669
3 -0.141372
4 -0.0242131
5 -0.060794
6 -0.011889
7 0.052139
8 -0.0991105
9 -0.0141044
10 -0.0128755
11 -0.0695652
12 -0.046729
13 0.0310458
14 -0.229794
15 0.119342
16 -0.0533088
17 -0.132039
18 -0
19 -0.0872483
20 0.0245098
21 -0.0933014
22 -0
23 -0
24 -0.0765172
25 0.137143
26 -0.0954774
27 -0.108333
28 -0.0311526
29 0.0932476
30 -0.111765
31 -0.0331126
32 -0.0308219
33 0.0318021
34 -0.133562
35 -0
36 -0.0750988
37 -0.0854701
38 0.046729
39 -0.174107
40 0.0540541
41 -0
42 -0.0974359
43 -0.113636
44 -0
45 -0.121795
46 0.0656934
47 -0.0616438
48 -0
49 -0.145985
50 -0.162393
51 -0
52 -0.0918367
53 -0.11236
54 -0.113924
55 0.128571
56 -0.35443
57 0.372549
58 -0.142857
59 -0.316667
60 -0.463415
61 0.909091
62 -0.238095
63 0.03125
64 -0.0606061
65 0.0322581
66 -0.3125
