-0.315589 -1.06024 -0.392045 -0.710145 3.77551 0.313514 2.18966 -0.307087 -2.25641 0.545455 -0.395833 3.05263 -0.672414 2.23077 0.666667 -0.155172 -0 0 -10.2 -0.808824 -0.587879 0 0 -4.9 -0.204082 -0 0 0.974359 -0.5 -3.05263 0.172414 0 0 1 -1.52632 -0.0344828 97 -0.701031 -0.426471 0.344828 0 0 -5.35 -0.542056 0.172414 -1 3.7 -0.216216 -2.375 0.526316 5.8 -0.344828 -0.05 -1 -39 0.717949 -0.678571 1.47368 -1.35714 0.236842 -5.33333 -1 -0.604167 -1.34483 0.230769 1.11111 
0.113636 19.5 1.29744 -0.960474 -0.880658 0 0 -1 2.22222 1.45 2 0.844828 0.979592 0.208333 -3.9 -1.25641 1.97959 0 0 -0.655172 3.57895 0 0 0 0 -0.172414 9.6 -0.802083 -0.883117 -0.720588 -1 1.16327 -0.157895 3.22222 -1.65517 0.416667 -2.95 -0.508475 2.26667 0 0 -0 0 0 0 0 -1.63333 0.0204082 -30 -3.23333 -0.701031 -1.13235 0.12987 -2.9 -0.655172 1 -1 -1.52632 -1 -1.31034 -0.236842 1.11111 -0 0 0.111111 -10 
-0.443936 0.701031 0.941176 0.523438 -1.01493 -3.29412 -0.0848214 -1.05263 -0.55 -11.5455 -0.456693 1.34483 -1.37179 0.457944 0.77551 1.28947 0.979592 -1 -1.41667 -0.573529 -4.97436 -0.350515 -0.147059 4.8 -0.604167 0.655172 -1.52632 0.655172 0.526316 2.9 -0.344828 -1 1.9 2.57895 -1 -1.38776 -0.147059 1.9 -4.10526 -0.628205 -0 0 -0.333333 -8.7 -0.896552 -0.5 0.74359 -0.310345 -6.44444 -0.672414 -0.974359 0.763158 -1.65517 -0.395833 0.0526316 -11 -1.81818 2.4 -0.604167 0.344828 -5.7 -0.491228 -0.321429 -0.888889 -2.25 0 
2.68966 -0.128205 -1 11.3667 -0.173021 -1 0.152542 2.22222 -1.95 -0 0 4.37931 -0.614173 -1.74359 0 0 -0.512821 3.85 1.01299 -0.628205 -0.795918 0 0 2.57895 0 0 2 0.172414 -6.8 -1.13235 -0.753247 0.172414 -6.8 -0.279412 0.526316 -5.9 0.322034 -2.05263 -0.25641 2.9 0 0 3.85 -0.753247 -0.327586 -0.473684 -3.22222 0 0 0 -0.357143 -0 0 0.966667 -0.344828 -0 0 1.4 -1.39286 -0.25641 0 0 0.310345 1 -2 -0 
-4.86364 0.0700935 2.26667 -2.86765 -2.45128 -0.1841 0.556818 -0.612245 0.633333 0.526316 13.6 0.426471 -1.67241 -0.402062 1.23077 0.208333 2.9 0.344828 -2.9 -3.65517 1.00943 -0.17757 -0 0 -0.344828 -5.8 -0.827586 -0 0 1.52632 0 0 0 4.63158 -0.886364 -0.371795 -0.310345 1.11111 -7.8 -0.25641 -0.5 3.9 0.487179 -2.05263 -0.512821 0.5 6.7 0 0 -0.5 1.65517 -0.1875 1.11111 -0.1 19 2 0.236842 -1.11111 0.9 -0 0 0.0263158 -20 -0.45 -2.11111 -0 
-1.92647 -0.591603 -0.877419 0.0735294 18.5 -0.210811 -0.487179 2.57895 1.20408 0.983051 -0.344828 -3.45 0.275362 3.05263 -1 -0.172414 15.5 -0.374194 0.172414 -5.8 0 0 0 0 -0.795918 -1 0.230769 1.11111 1.9 2.05263 -0.74359 -0.689655 -0.5 -0.9 4.33333 -1 -2.48718 -0.0927835 3.33333 -1 0.333333 -2 -0.5 0.9 4.33333 1.25641 -1.18367 -0.155172 3.11111 -0.642857 -1.05556 1.52632 1.34483 -0.74359 -0.310345 1.11111 -0.9 -5.11111 -0.173913 -1.125 -0.111111 -1 20 0.9 -1.05556 -0 
-0.0223214 30.2 0.129139 5.23077 -0.857843 -1.22286 0.411215 0.443182 0.74359 1 -1 1 -3.34483 0.195876 -1 -2.57895 -0.204082 -6.8 0 0 15.5 -0.503226 -0.5 -0.25641 -3.9 0.74359 2 -0.827586 -0 0 -0.716418 -0 0 -0.375 -0.5 2.11111 -0.526316 -4.9 0.204082 5.8 -0.655172 0.526316 -1 -1 -3.9 0 0 -0.5 5.7 -1 -0.859649 -0.22449 -2.72727 0.633333 -2.05263 -1.23077 0.395833 -1.52632 -0.689655 -0.5 -3.9 -0.74359 0.0344828 -39 -0.487179 -0 
-1.22892 1.48039 -0.354305 0.280374 -3.93333 0.245763 4.03448 0.333333 2 -1 -0.871795 0.426471 2.34483 0.573529 -2.74359 -1.72897 -0.264865 -0.387755 4.10526 0.5 -1 -2 -0.5 -3.23077 -0.690476 -0.218391 0.526316 2.9 0 0 -2.9 1 -0.655172 -1 4.10526 -0.74359 -0.327586 3.05263 -1 -0.172414 3.8 0.0263158 -10 -4.8 0.604167 -0.965517 -0.321429 3.22222 -0.344828 -0 0 0.9 4.33333 0.512821 0.95 0.473684 -4.22222 -0 0 -0.526316 -0 0 0.1875 -1 1.11111 -0 
-0.377953 -0.395833 17.4211 0.0876133 -6.72414 -0.348718 1.44118 0 0 -1.48718 1.51724 1.43182 -0.388889 -0.204082 -2.9 -1.34483 0.974359 0.0263158 68 0.852941 1 -1.17241 -1.14706 -0.128205 -2 -2.95 -0.830508 0.591837 0 0 -0.512821 0.5 -2.9 0.344828 -2.9 -2.68966 -0.24359 -0.473684 0 0 0.344828 3.8 -0.473684 -3.16667 0.684211 -1.25641 -0.0204082 -10 -1.9 1.52632 0.689655 0 0 -0.1 -38 -0.736842 -1.35714 -0.236842 -2.11111 -1.52632 -1 -0.344828 -2.9 0 0 -0 
-0.417219 -0.619048 0.871795 -1.44118 -0.602041 1.81356 0.457944 0.795918 0.74359 0.344828 7.8 -0.25641 -3.9 0.615385 1.22917 0.813559 -1.20833 -1.17241 -0.426471 -2 0 0 0 0 -0.327586 0 0 1.9 0 0 0.979592 -1.41667 -0.279412 0.526316 0 0 -0.591837 -2.65517 0 0 -0.604167 2.65517 -0.246753 -1.05263 0.9 -0.5 5.33333 -1 -0.604167 -1 2 0.172414 -3.9 -1.71795 -0.701493 0.0212766 10 -0 0 -0.551724 -0.791667 0.5 -0.0526316 38 -0.763158 0 
0.954023 0.704819 -0.00854701 19 -9.26316 0.221591 1 -1.51282 -1.32203 -0.74359 -1.84483 -0.457944 -3.18367 -0.5 -0.5 2.23077 0.229885 -1 -6.8 -0.286765 -0 0 0 -0.5 -0.74359 0 0 0 0 0 -0.302083 -0.689655 -0.5 -5.8 0 0 0 1 6.8 -0.852941 -0.482759 0.357143 -2.8 -1.35714 0 0 3.7 -0.72973 0.740741 -1.45 2.34483 -0.573529 -0 0 -0.8125 -0.769231 0 0 0 -0.909091 2 1.4 0 0 -10 -0 
-1.35531 -0.156757 1 -2.17241 -0.468254 -1 2.15254 1.29921 -0.709091 -0.504274 1.81356 -0.635514 -0.852941 0.172414 5.8 -0.172414 1.9 -0 0 0 0 0 0 0 -0.128205 -0 0 0 0 0 -3.22222 -0 0 0 0 -4.9 -0.408163 -0.5 2 -1 -3.4 -0.852941 -0.172414 2.8 0.357143 -1.9 -0 0 -0.204082 -6.7 0 0 -1 3.22222 -1.65517 -0.604167 0.344828 0 0 5.22222 -1 -0.212766 -0.1 -47 -0.382979 -0 
16.3333 0.258503 6.42105 -0.520492 -0.92126 -1.24786 -1.46575 -0.228972 -0.408163 0 0 -0.213235 -2.34483 2.27941 -1.00645 0.429487 -1.8806 0 0 0.591837 0 0 0 0 -0.769231 0 0 0 0 0 -0.273585 0.689655 -1 2.9 -0.827586 -2.20833 -0.179245 -0.526316 -1 -1.9 1.05263 -1.95 -1.23077 -0.1875 -0 0 0 0 0.157895 0 0 0 -0.689655 1 0 0 -0 0 0 2.31034 -0.447761 0.6 -1.11111 0.9 -1 -0 
-1.75904 0.732877 -0.635514 -1.14706 -0.5 -1.62821 0.92126 -0.34188 -2.2 0 0 -3.02083 -0.2 2 -1.34483 0.74359 2.67241 0 0 -0.0934579 0 0 0 0 0 0 0 0 0 0 0 -0.45283 -1.41667 -0.705882 -0.791667 1.02632 0.74359 -1.34483 0.230769 -1 5.44444 0.204082 -1 -0 0 0 0 0 0 0 0 0 0 0 -0 0 0 0 0 0 0 -1 1.47368 -0.285714 0.125 -0 
-0.628205 -2.38776 0.166667 1 0 0 -0.15894 -0.395833 0 0 0 -1 7.68421 -0.534247 -2.11538 -0.351515 -1.5 0 0 0 0 0 0 0 0 0 0 0 0 0 0 0 0 0.147059 0 0 0.279412 -2.05263 -1 0.74359 -1 -0 0 -0.567164 -0 0 0 0 0 0 0 0 0 0 0 0 0 0 0 0 0 -0.05 1 -10 -1.9 -0 
-0.106464 3.17857 -1.86517 1.1747 0 0 -0 0 0.632432 0 0 -1 -0.333333 -1 -0.473684 7.55556 0 0 0 0 0 0 0 0 0 0 0 0 0 0 0 0 0 0 0 0 0 0 0 -1.3 -1 0.74359 -2 -0.5 0 0 0 0 0 0 0 0 0 0 0 0 0 0 0 0 0 -0.493333 -0.243243 4.33333 -1.25641 -0 
-1.59184 0.790598 -0.421622 0.871795 -3.29412 0 0 0 0.804124 0 0 -1.12821 0 0 -0.448276 -0.25641 0 0 0 0 0 0 0 0 0 0 0 0 0 0 0 0 0 0 0 0 0 0 0 0 0 0 -0.982759 -0 0 0 0 0 0 0 0 0 0 0 0 0 0 0 0 0 0 0 0 -0.119403 0.125 -0 
-2.06291 -0.0609952 0.263158 -0 0 0 0 0 0 0 0 -0.5 -0 0 0 0.3125 0 0 0 0 0 0 0 0 0 0 0 0 0 0 0 0 0 0 0 0 0 0 0 0 0 0 0 0 0 0 0 0 0 0 0 0 0 0 0 0 0 0 0 0 0 0 0 0 0 0 
-1.21691 0.528701 -0.502857 -0 0 0 0 0 0 0 0 0 0 0 0 0 0 0 0 0 0 0 0 0 0 0 0 0 0 0 0 0 0 0 0 0 0 0 0 0 0 0 0 0 0 0 0 0 0 0 0 0 0 0 0 0 0 0 0 0 0 0 0 0 0 0 
-0.815514 0.501285 0 0 0 0 0 0 0 0 0 0 0 0 0 0 0 0 0 0 0 0 0 0 0 0 0 0 0 0 0 0 0 0 0 0 0 0 0 0 0 0 0 0 0 0 0 0 0 0 0 0 0 0 0 0 0 0 0 0 0 0 0 0 0 0 
