0 4.05578e-320
1 -1050
2 -1021
3 -1011
4 -962
5 -826
6 -806
7 -757
8 -748
9 -748
10 -709
11 -699
12 -690
13 -642
14 -612
15 -612
16 -486
17 -486
18 -486
19 -447
20 -447
21 -408
22 -408
23 -379
24 -379
25 -379
26 -350
27 -350
28 -350
29 -321
30 -311
31 -311
32 -302
33 -292
34 -283
35 -283
36 -253
37 -253
38 -234
39 -214
40 -214
41 -185
42 -185
43 -185
44 -176
45 -156
46 -156
47 -137
48 -137
49 -137
50 -137
51 -117
52 -98
53 -98
54 -89
55 -79
56 -70
57 -70
58 -51
59 -51
60 -51
61 -41
62 -22
63 -22
64 -22
65 -22
66 -22
67 -22
68 -22
