0 0
1 0.389719
2 0.22263
3 0.168441
4 0.161755
5 0.135892
6 0.123807
7 0.10863
8 0.0957246
9 0.0909825
10 0.0835725
11 0.0773604
12 0.0767133
13 0.0744407
14 0.0693123
15 0.0791066
16 0.0743511
17 0.0701347
18 0.0706994
19 0.0671062
20 0.0681238
21 0.0649877
22 0.0652654
23 0.0625184
24 0.0599933
25 0.0606599
26 0.0583963
27 0.0562955
28 0.0572573
29 0.056369
30 0.0545422
31 0.0537269
32 0.0530894
33 0.0524222
34 0.0509203
35 0.0525404
36 0.0511189
37 0.0517751
38 0.0526775
39 0.0513621
40 0.0535626
41 0.052291
42 0.0510783
43 0.0510219
44 0.0524929
45 0.0513569
46 0.0529466
47 0.0518498
48 0.0507976
49 0.0497871
50 0.0518134
51 0.0541161
52 0.0531035
53 0.0538494
54 0.0549672
55 0.0560734
56 0.0551002
57 0.0594004
58 0.0584067
59 0.0574458
60 0.0599417
61 0.0685432
62 0.0674758
63 0.0664412
64 0.0654378
65 0.0644642
66 0.0635192
67 0.0626014
