0 0.46
1 0.46
2 0.43
3 0.53
4 0.56
5 0.44
6 0.49
7 0.49
8 0.56
9 0.55
10 0.51
11 0.5
12 0.54
13 0.5
14 0.52
15 0.49
16 0.54
17 0.53
18 0.53
19 0.52
20 0.52
21 0.53
22 0.53
23 0.52
24 0.55
25 0.52
26 0.51
27 0.53
28 0.54
29 0.54
30 0.54
31 0.55
32 0.55
33 0.54
34 0.55
35 0.54
36 0.54
37 0.52
38 0.55
39 0.54
40 0.54
41 0.55
42 0.56
43 0.54
44 0.57
45 0.59
46 0.55
47 0.57
48 0.58
49 0.55
50 0.55
51 0.55
52 0.59
53 0.59
54 0.56
55 0.58
56 0.61
57 0.61
58 0.59
59 0.54
60 0.61
61 0.61
62 0.61
63 0.6
64 0.61
65 0.59
66 0.59
