-1147 -1313 -1137 -1206 -1157 -972 -914 -787 -826 -738 -690 -709 -767 -728 -641 -583 -592 -592 -612 -408 -573 -476 -476 -486 -437 -447 -447 -408 -370 -389 -331 -321 -321 -302 -283 -312 -311 -214 -282 -253 -243 -243 -263 -156 -214 -224 -214 -177 -185 -166 -156 -98 -118 -117 -118 -79 -51 -70 -98 -60 -51 -99 -51 -80 -41 -32 -22 
-1284 -1274 -1079 -826 -1069 -855 -855 -864 -855 -835 -806 -748 -699 -651 -641 -680 -631 -534 -534 -563 -544 -476 -476 -379 -379 -437 -427 -331 -408 -340 -389 -340 -283 -292 -321 -273 -253 -312 -282 -214 -214 -253 -253 -253 -185 -185 -215 -166 -165 -195 -98 -166 -89 -79 -108 -89 -70 -89 -60 -89 -51 -60 -70 -70 -61 -60 -70 
-1507 -1313 -1177 -1049 -982 -1050 -826 -845 -825 -836 -709 -767 -845 -738 -689 -651 -602 -554 -602 -534 -573 -379 -447 -437 -389 -418 -437 -408 -389 -379 -350 -360 -350 -331 -282 -331 -263 -273 -292 -214 -263 -263 -233 -243 -156 -234 -195 -166 -175 -117 -156 -118 -89 -137 -118 -117 -128 -108 -60 -89 -99 -42 -70 -61 -69 -51 -51 
-1381 -1147 -1177 -1147 -806 -865 -806 -797 -777 -816 -816 -787 -660 -738 -602 -602 -641 -621 -544 -466 -515 -476 -476 -457 -408 -408 -379 -321 -311 -379 -302 -360 -370 -302 -321 -331 -272 -253 -292 -282 -253 -253 -233 -156 -214 -195 -204 -175 -175 -175 -147 -157 -157 -127 -98 -108 -108 -88 -60 -99 -89 -89 -60 -51 -42 -60 -60 
-1566 -1138 -1108 -1040 -1235 -757 -845 -894 -864 -845 -835 -699 -641 -738 -699 -651 -641 -612 -602 -631 -525 -418 -437 -437 -408 -418 -360 -408 -408 -389 -360 -360 -360 -341 -253 -331 -302 -311 -321 -243 -263 -253 -214 -195 -234 -214 -204 -137 -137 -195 -166 -118 -127 -137 -136 -117 -79 -70 -80 -89 -89 -51 -50 -70 -61 -80 -80 
-1322 -1060 -1215 -1079 -1069 -884 -923 -904 -855 -796 -738 -758 -689 -670 -612 -670 -660 -505 -563 -573 -515 -515 -447 -447 -398 -437 -398 -389 -379 -360 -321 -350 -330 -340 -331 -292 -331 -234 -243 -273 -243 -233 -253 -243 -234 -195 -146 -204 -195 -167 -185 -166 -137 -98 -127 -118 -108 -117 -71 -79 -70 -71 -70 -50 -32 -51 -51 
-1498 -1488 -1186 -1147 -943 -1118 -904 -816 -777 -748 -719 -748 -777 -680 -661 -680 -631 -641 -573 -573 -563 -408 -486 -447 -457 -418 -389 -331 -379 -379 -312 -360 -360 -312 -330 -321 -302 -312 -263 -253 -195 -233 -253 -233 -253 -175 -175 -195 -185 -128 -185 -136 -147 -117 -98 -137 -89 -70 -99 -79 -89 -50 -79 -80 -41 -60 -60 
-1517 -1313 -1011 -1118 -1148 -1030 -1001 -884 -845 -767 -845 -777 -748 -680 -641 -748 -563 -612 -593 -515 -476 -515 -437 -476 -350 -437 -418 -408 -379 -379 -389 -360 -331 -350 -331 -253 -311 -292 -234 -292 -282 -244 -243 -253 -205 -176 -204 -195 -166 -176 -176 -166 -157 -118 -98 -79 -70 -108 -108 -89 -99 -99 -51 -42 -51 -61 -61 
-1147 -1195 -1176 -845 -816 -1011 -943 -845 -845 -884 -826 -738 -612 -661 -651 -680 -641 -603 -602 -534 -476 -418 -486 -408 -418 -398 -457 -408 -379 -379 -340 -360 -370 -341 -331 -360 -282 -301 -292 -292 -263 -253 -215 -233 -176 -137 -186 -185 -195 -176 -147 -127 -127 -117 -118 -80 -108 -70 -79 -60 -89 -60 -70 -41 -41 -70 -70 
-1021 -1147 -1069 -1001 -1099 -1040 -933 -884 -845 -816 -806 -728 -748 -670 -622 -563 -515 -573 -505 -534 -476 -476 -379 -379 -437 -418 -418 -408 -389 -389 -340 -292 -360 -341 -331 -331 -282 -311 -234 -234 -282 -253 -176 -195 -175 -157 -166 -214 -166 -195 -166 -108 -98 -137 -70 -117 -118 -128 -128 -41 -89 -51 -32 -33 -71 -42 -42 
-1323 -1157 -1040 -1041 -1060 -884 -845 -806 -865 -787 -845 -738 -787 -631 -709 -670 -583 -563 -583 -447 -486 -486 -486 -408 -447 -418 -418 -408 -408 -408 -312 -341 -321 -331 -273 -273 -273 -263 -253 -185 -243 -215 -205 -233 -195 -195 -185 -148 -175 -195 -166 -98 -137 -137 -89 -128 -98 -98 -98 -109 -99 -79 -51 -51 -50 -60 -60 
-1381 -1011 -1069 -1127 -1001 -1060 -1001 -874 -709 -826 -767 -660 -728 -670 -660 -602 -612 -631 -631 -631 -525 -525 -486 -486 -408 -418 -418 -340 -340 -340 -331 -360 -360 -292 -292 -302 -253 -273 -263 -243 -263 -195 -253 -243 -215 -205 -224 -224 -175 -185 -118 -118 -127 -118 -89 -137 -108 -98 -98 -89 -42 -89 -79 -80 -33 -51 -51 
-1274 -1127 -1089 -845 -972 -855 -1001 -787 -836 -816 -816 -680 -709 -641 -486 -642 -709 -583 -583 -534 -505 -505 -418 -418 -457 -427 -427 -427 -427 -427 -321 -350 -370 -350 -292 -340 -234 -253 -243 -253 -234 -214 -253 -205 -214 -214 -194 -194 -137 -128 -128 -128 -157 -137 -117 -117 -118 -118 -118 -89 -22 -52 -70 -50 -32 -50 -50 
-1488 -1196 -982 -1118 -962 -1040 -913 -796 -836 -748 -748 -796 -651 -680 -738 -660 -602 -447 -447 -554 -544 -544 -418 -418 -418 -418 -418 -418 -418 -418 -418 -312 -360 -292 -340 -302 -263 -234 -273 -282 -273 -224 -214 -224 -224 -224 -214 -214 -214 -117 -117 -117 -117 -117 -118 -118 -108 -108 -108 -70 -70 -89 -70 -42 -50 -51 -51 
-1264 -1362 -1128 -1089 -1050 -1050 -748 -796 -777 -777 -777 -796 -777 -631 -709 -544 -602 -515 -515 -418 -418 -418 -418 -418 -418 -418 -418 -418 -418 -418 -418 -418 -418 -350 -340 -340 -272 -253 -292 -253 -224 -253 -253 -186 -224 -224 -224 -224 -224 -127 -127 -127 -127 -127 -127 -127 -109 -109 -109 -89 -89 -69 -70 -71 -61 -80 -80 
-1060 -1088 -1177 -1011 -816 -816 -1001 -1001 -816 -699 -699 -642 -699 -680 -699 -690 -622 -622 -622 -563 -563 -563 -563 -563 -563 -563 -563 -563 -563 -563 -563 -563 -563 -563 -292 -292 -292 -244 -244 -214 -253 -214 -185 -243 -214 -214 -214 -214 -214 -214 -214 -214 -214 -214 -156 -156 -117 -117 -117 -117 -117 -42 -79 -70 -31 -80 -80 
-1381 -1147 -962 -1040 -1108 -884 -884 -884 -787 -709 -709 -787 -699 -699 -612 -651 -641 -641 -641 -641 -641 -641 -641 -641 -641 -641 -641 -641 -641 -641 -641 -641 -641 -641 -641 -641 -641 -282 -282 -282 -244 -244 -186 -243 -243 -243 -243 -243 -243 -243 -243 -243 -243 -243 -243 -243 -118 -118 -118 -118 -118 -118 -118 -51 -59 -60 -60 
-1712 -1089 -1127 -1137 -1137 -1050 -1050 -1050 -786 -786 -786 -748 -767 -767 -767 -671 -641 -641 -641 -641 -641 -641 -641 -641 -641 -641 -641 -641 -641 -641 -641 -641 -641 -641 -641 -641 -641 -224 -224 -224 -224 -224 -224 -224 -224 -224 -224 -224 -224 -224 -224 -224 -224 -224 -224 -224 -117 -117 -117 -117 -117 -117 -117 -117 -117 -60 -60 
-1507 -1176 -1001 -1089 -1089 -1089 -1089 -1089 -1089 -1089 -1089 -1089 -865 -865 -865 -865 -865 -865 -865 -865 -865 -865 -865 -865 -865 -865 -865 -865 -865 -865 -865 -865 -865 -865 -865 -865 -865 -865 -865 -865 -865 -865 -865 -865 -865 -865 -865 -865 -865 -865 -865 -865 -865 -865 -865 -865 -865 -865 -865 -865 -865 -865 -865 -865 -865 -865 -865 
-1585 -1196 -1001 -1001 -1001 -1001 -1001 -1001 -1001 -1001 -1001 -1001 -1001 -1001 -1001 -1001 -1001 -1001 -1001 -1001 -1001 -1001 -1001 -1001 -1001 -1001 -1001 -1001 -1001 -1001 -1001 -1001 -1001 -1001 -1001 -1001 -1001 -1001 -1001 -1001 -1001 -1001 -1001 -1001 -1001 -1001 -1001 -1001 -1001 -1001 -1001 -1001 -1001 -1001 -1001 -1001 -1001 -1001 -1001 -1001 -1001 -1001 -1001 -1001 -1001 -1001 -1001 
