37 34 31 36 36 33 31 35 33 34 36 32 34 34 35 34 33 35 33 32 
32 33 36 35 36 34 36 36 32 31 34 35 33 36 33 31 35 38 36 37 
34 33 34 32 32 31 36 34 33 32 32 31 32 33 34 32 32 32 33 33 
32 32 32 32 32 33 33 31 33 32 31 32 32 30 32 32 30 32 31 31 
33 29 32 32 31 32 32 32 29 31 31 32 29 32 32 31 31 32 32 31 
32 30 29 33 32 30 32 29 32 31 31 30 30 31 29 32 31 32 32 32 
28 30 32 31 31 31 30 31 29 31 31 29 30 31 29 32 30 29 31 29 
30 31 30 30 29 31 31 30 28 31 31 29 30 31 30 29 29 29 29 30 
29 30 28 29 29 31 31 30 28 31 28 30 29 28 30 30 29 30 29 30 
29 28 29 29 29 29 29 29 28 30 29 28 29 29 29 29 27 29 29 28 
29 28 29 28 29 29 29 29 29 28 28 30 29 28 29 29 28 28 27 27 
27 29 27 29 29 28 27 29 29 29 29 28 29 28 29 29 28 28 27 27 
28 28 28 27 27 29 29 26 28 28 29 28 27 28 28 28 27 28 28 28 
28 28 27 26 28 27 27 28 29 28 28 27 29 27 26 27 28 28 26 28 
27 26 27 26 27 27 27 28 29 28 26 28 28 28 27 27 27 26 27 26 
27 26 27 26 27 26 26 27 26 27 26 26 26 26 26 27 27 24 28 27 
27 26 25 27 26 26 26 27 27 28 27 25 27 26 26 27 25 27 26 26 
26 26 26 26 26 27 26 25 26 25 25 26 27 26 26 26 26 26 26 26 
25 26 26 25 26 26 25 25 25 26 25 23 25 26 26 26 26 26 26 25 
25 26 25 25 26 26 25 25 25 26 25 23 25 26 25 26 25 26 25 25 
25 26 25 25 23 25 25 24 26 25 25 25 25 25 23 26 25 25 23 25 
25 25 25 25 25 25 25 24 24 24 24 25 25 25 23 26 25 25 23 25 
23 25 23 25 25 25 25 24 24 24 24 25 25 25 24 24 22 24 23 25 
23 25 23 24 24 23 24 23 23 24 23 24 22 24 24 23 23 24 23 25 
23 23 23 23 24 23 22 23 23 24 23 24 22 24 24 23 23 24 22 23 
23 23 23 23 24 23 22 23 23 22 22 23 23 23 23 22 23 23 23 23 
23 23 23 23 23 23 23 23 23 23 23 23 23 23 23 22 23 23 23 23 
22 23 23 23 23 23 23 23 23 23 23 23 23 23 23 23 23 22 22 23 
22 23 23 23 21 23 21 23 22 21 23 23 23 23 22 23 23 22 22 23 
22 22 22 22 22 23 21 23 22 21 23 23 23 23 22 22 23 22 21 23 
22 22 22 22 22 22 22 22 22 22 22 23 23 23 22 22 23 22 21 23 
22 21 21 21 22 22 22 22 22 22 22 21 22 22 21 22 21 21 22 22 
22 21 21 21 21 22 22 22 22 22 22 22 22 21 21 22 22 21 22 22 
22 22 22 22 22 21 22 22 21 22 22 22 22 21 21 22 22 21 21 20 
21 21 21 21 22 21 22 22 21 22 22 22 21 21 21 21 21 22 21 22 
22 22 21 21 22 21 22 20 21 21 21 20 21 22 21 21 21 20 21 21 
22 22 21 21 20 21 21 21 21 21 20 22 21 20 21 22 21 20 21 21 
21 21 21 21 21 21 21 20 20 20 20 21 21 20 21 22 21 21 20 20 
21 21 20 20 20 20 20 20 21 20 20 21 20 21 20 20 21 20 21 21 
20 20 20 20 21 20 20 20 21 20 21 21 21 21 21 20 20 20 21 20 
20 20 20 20 21 20 20 20 21 20 20 20 21 21 20 19 20 20 21 20 
20 20 20 20 20 20 20 19 21 20 21 20 20 20 20 20 20 20 21 20 
20 20 20 20 20 20 20 20 19 19 20 20 20 20 20 20 20 20 20 20 
20 20 19 18 19 20 20 20 20 19 18 20 20 20 20 20 20 20 20 20 
19 20 20 19 20 18 20 20 20 19 18 18 20 20 18 19 20 20 20 20 
20 20 20 20 20 18 20 20 20 19 18 20 20 20 20 19 18 19 19 19 
20 20 20 20 20 19 20 19 20 19 19 18 18 18 19 19 18 19 19 19 
20 18 19 20 18 18 19 20 20 20 19 18 18 18 19 19 20 19 19 20 
17 18 19 20 18 18 19 20 20 20 18 18 18 19 18 20 19 19 19 20 
17 19 19 19 19 18 19 19 18 19 18 19 19 18 18 20 19 19 19 20 
17 18 18 19 19 19 17 18 18 19 18 19 19 18 18 19 18 19 19 18 
17 18 18 19 19 19 17 18 18 18 17 18 18 18 19 19 18 18 18 18 
17 17 18 17 18 17 18 18 18 18 17 17 18 18 19 19 18 18 18 18 
18 17 18 18 18 17 18 18 18 18 17 17 17 16 16 18 18 18 18 18 
18 17 18 18 18 18 16 18 18 18 17 18 17 18 18 18 17 18 18 18 
17 17 18 18 17 17 17 15 16 16 18 17 18 18 18 18 17 18 17 17 
18 16 15 18 17 18 18 15 16 16 18 17 18 18 16 16 18 17 18 17 
17 16 18 17 18 18 18 15 15 17 17 16 17 16 15 17 17 17 17 17 
17 16 18 17 18 15 16 17 17 15 18 15 17 15 17 17 17 17 17 17 
15 15 15 16 17 16 16 17 17 15 18 15 17 15 17 17 17 17 15 15 
16 15 15 16 17 16 15 16 16 16 16 16 16 16 15 15 16 16 16 15 
16 15 15 16 16 16 15 16 16 16 16 16 14 14 15 15 16 16 16 15 
15 16 15 15 16 16 14 16 16 14 16 16 14 14 16 15 14 16 15 15 
15 16 15 15 15 16 14 16 16 14 15 15 15 15 15 15 16 15 15 14 
15 15 15 15 15 16 15 15 15 15 15 15 15 14 15 13 15 15 15 14 
15 15 15 15 15 16 14 15 14 15 15 15 15 15 13 14 15 15 15 16 
14 15 15 15 15 15 15 15 15 14 15 15 15 15 15 15 15 15 15 16 
14 15 15 15 15 15 15 15 15 14 15 15 15 15 15 15 15 15 14 15 
