0 0
1 -1
2 0
3 0
4 1
5 2
6 1
7 2
8 2
9 1
10 2
11 3
12 3
13 4
14 5
15 4
16 5
17 5
18 5
19 5
20 6
21 6
22 5
23 6
24 5
25 5
26 6
27 6
28 7
29 6
30 7
31 8
32 8
33 8
34 8
35 8
36 8
37 9
38 8
39 9
40 9
41 9
42 10
43 11
44 11
45 11
46 11
47 12
48 12
49 12
50 12
51 13
52 12
53 13
54 13
55 13
56 12
57 13
58 13
59 13
60 13
61 13
62 13
63 13
64 14
65 14
66 15
67 14
68 15
69 14
70 14
71 15
72 15
73 15
74 15
75 16
76 16
77 15
78 15
79 15
80 16
81 16
82 17
83 16
84 15
85 16
86 15
87 16
88 15
89 16
90 16
91 16
92 16
93 17
94 16
95 16
96 16
97 16
98 17
99 17
100 17
101 17
102 17
103 16
104 17
105 16
106 16
107 16
108 16
109 17
110 16
111 17
112 17
113 17
114 17
115 17
116 17
117 17
118 17
119 17
120 16
121 16
122 17
123 17
124 17
125 17
126 17
127 17
128 18
129 18
130 17
131 17
132 18
133 17
134 18
135 19
136 19
137 19
138 20
139 20
140 20
141 20
142 21
143 20
144 20
145 20
146 21
147 21
148 21
149 20
150 20
151 20
152 20
153 21
154 21
155 21
156 20
157 20
158 20
159 20
160 20
161 20
162 20
163 20
164 20
165 20
