0 1.12
1 1.14
2 1.14
3 1.16
4 1.2
5 1.16
6 1.2
7 1.2
8 1.16
9 1.2
10 1.22
11 1.22
12 1.24
13 1.26
14 1.22
15 1.24
16 1.24
17 1.24
18 1.24
19 1.28
20 1.28
21 1.26
22 1.32
23 1.3
24 1.3
25 1.32
26 1.32
27 1.34
28 1.32
29 1.36
30 1.38
31 1.38
32 1.38
33 1.38
34 1.38
35 1.38
36 1.4
37 1.38
38 1.4
39 1.4
40 1.4
41 1.42
42 1.44
43 1.44
44 1.44
45 1.44
46 1.46
47 1.46
48 1.46
49 1.46
50 1.48
51 1.46
52 1.48
53 1.48
54 1.48
55 1.46
56 1.5
57 1.5
58 1.5
59 1.5
60 1.5
61 1.5
62 1.5
63 1.52
64 1.52
65 1.54
66 1.5
67 1.54
68 1.52
69 1.52
70 1.54
71 1.54
72 1.54
73 1.54
74 1.56
75 1.56
76 1.54
77 1.54
78 1.54
79 1.58
80 1.58
81 1.6
82 1.58
83 1.56
84 1.6
85 1.58
86 1.6
87 1.58
88 1.6
89 1.6
90 1.6
91 1.6
92 1.62
93 1.6
94 1.6
95 1.6
96 1.6
97 1.62
98 1.62
99 1.62
100 1.62
101 1.62
102 1.6
103 1.64
104 1.62
105 1.62
106 1.62
107 1.62
108 1.64
109 1.62
110 1.64
111 1.64
112 1.64
113 1.64
114 1.64
115 1.64
116 1.64
117 1.64
118 1.64
119 1.62
120 1.62
121 1.66
122 1.66
123 1.66
124 1.66
125 1.66
126 1.66
127 1.68
128 1.68
129 1.66
130 1.66
131 1.68
132 1.66
133 1.68
134 1.7
135 1.7
136 1.7
137 1.72
138 1.72
139 1.72
140 1.72
141 1.74
142 1.72
143 1.72
144 1.72
145 1.74
146 1.74
147 1.74
148 1.72
149 1.72
150 1.72
151 1.72
152 1.76
153 1.76
154 1.76
155 1.74
156 1.74
157 1.74
158 1.74
159 1.74
160 1.74
161 1.74
162 1.74
163 1.74
164 1.74
