0 0.857143
1 1.16667
2 1
3 1.14286
4 1.25
5 0.8
6 1.25
7 1
8 0.8
9 1.25
10 1.1
11 1
12 1.09091
13 1.08333
14 0.846154
15 1.09091
16 1
17 1
18 1
19 1.16667
20 1
21 0.928571
22 1.23077
23 0.9375
24 1
25 1.06667
26 1
27 1.0625
28 0.941176
29 1.125
30 1.05556
31 1
32 1
33 1
34 1
35 1
36 1.05263
37 0.95
38 1.05263
39 1
40 1
41 1.05
42 1.04762
43 1
44 1
45 1
46 1.04545
47 1
48 1
49 1
50 1.04348
51 0.958333
52 1.04348
53 1
54 1
55 0.958333
56 1.08696
57 1
58 1
59 1
60 1
61 1
62 1
63 1.04
64 1
65 1.03846
66 0.925926
67 1.08
68 0.962963
69 1
70 1.03846
71 1
72 1
73 1
74 1.03704
75 1
76 0.964286
77 1
78 1
79 1.07407
80 1
81 1.03448
82 0.966667
83 0.965517
84 1.07143
85 0.966667
86 1.03448
87 0.966667
88 1.03448
89 1
90 1
91 1
92 1.03333
93 0.967742
94 1
95 1
96 1
97 1.03333
98 1
99 1
100 1
101 1
102 0.967742
103 1.06667
104 0.96875
105 1
106 1
107 1
108 1.03226
109 0.96875
110 1.03226
111 1
112 1
113 1
114 1
115 1
116 1
117 1
118 1
119 0.96875
120 1
121 1.06452
122 1
123 1
124 1
125 1
126 1
127 1.0303
128 1
129 0.970588
130 1
131 1.0303
132 0.970588
133 1.0303
134 1.02941
135 1
136 1
137 1.02857
138 1
139 1
140 1
141 1.02778
142 0.972973
143 1
144 1
145 1.02778
146 1
147 1
148 0.972973
149 1
150 1
151 1
152 1.05556
153 1
154 1
155 0.973684
156 1
157 1
158 1
159 1
160 1
161 1
162 1
163 1
164 1
