0 100
1 114
2 106
3 94
4 92
5 108
6 94
7 102
8 98
9 112
10 110
11 102
12 104
13 110
14 102
15 112
16 98
17 98
18 98
19 90
20 112
21 114
22 112
23 110
24 98
25 106
26 114
27 98
28 110
29 110
30 114
31 110
32 112
33 114
34 112
35 116
36 112
37 114
38 112
39 112
40 116
41 114
42 112
43 114
44 112
45 114
46 116
47 120
48 116
49 114
50 114
51 114
52 114
53 114
54 112
55 114
56 112
57 112
58 114
59 116
60 116
61 116
62 120
63 116
64 114
65 112
66 116
67 114
68 116
69 114
70 120
71 116
72 114
73 114
74 114
75 118
76 114
77 112
78 114
79 114
80 114
81 114
82 116
83 114
84 114
85 116
86 114
87 114
88 118
89 116
90 120
91 114
92 114
93 118
94 118
95 114
96 118
97 118
98 122
99 116
100 116
101 118
102 114
103 118
104 120
105 120
106 120
107 116
108 122
109 118
110 118
111 118
112 118
113 118
114 120
115 118
116 122
117 124
118 120
119 120
120 120
121 120
122 118
123 122
124 126
125 122
126 120
127 116
128 116
129 120
130 120
131 120
132 120
133 120
134 120
135 120
136 122
137 120
138 118
139 124
140 122
141 120
142 118
143 120
144 124
145 124
146 122
147 124
148 120
149 124
150 118
151 120
152 124
153 120
154 122
155 124
156 120
157 122
158 122
159 124
160 120
161 124
162 124
163 120
164 124
165 122
166 122
167 122
168 124
169 120
170 128
171 128
172 124
173 122
174 122
175 124
176 122
177 122
178 122
179 124
180 122
181 126
182 120
183 128
184 126
185 130
186 132
187 122
188 128
189 128
190 128
191 124
192 130
193 128
194 130
195 126
196 130
197 126
198 126
199 124
200 130
201 130
202 132
203 128
204 128
205 126
206 128
207 132
208 130
209 128
210 130
211 130
212 134
213 130
214 132
215 128
216 132
217 132
218 128
219 132
220 130
221 134
222 136
223 132
224 130
225 132
226 130
227 132
228 130
229 134
230 138
231 136
232 130
233 136
234 134
235 134
236 134
237 138
238 132
239 134
240 136
241 132
242 138
243 138
244 136
245 136
246 136
247 138
248 136
249 134
250 134
251 138
252 134
253 134
254 138
255 138
256 138
257 138
258 138
259 136
260 140
261 134
262 138
263 136
264 138
265 134
266 138
267 138
268 138
269 134
270 138
271 136
272 138
273 136
274 140
275 134
276 134
277 136
278 134
279 138
280 140
281 138
282 140
283 138
284 134
285 136
286 136
287 138
288 138
289 140
290 138
291 140
292 140
293 138
294 136
295 136
296 138
297 138
298 136
299 142
300 138
301 136
302 138
303 140
304 138
305 138
306 144
307 140
308 140
309 140
310 138
311 138
312 144
313 140
314 140
315 140
316 144
317 142
318 142
319 140
320 142
321 138
322 138
323 138
324 144
325 140
326 140
327 140
328 140
329 142
330 140
331 142
332 146
333 144
334 140
335 140
336 146
337 140
338 140
339 142
340 142
341 140
342 144
343 142
344 146
345 142
346 140
347 142
348 140
349 142
350 146
351 146
352 142
353 146
354 148
355 148
356 142
357 144
358 142
359 142
360 146
361 146
362 146
363 144
364 146
365 144
366 148
367 142
368 146
369 148
370 144
371 144
372 144
373 148
374 144
375 144
376 142
377 146
378 146
379 144
380 146
381 148
382 146
383 142
384 144
385 144
386 146
387 144
388 146
389 146
390 148
391 148
392 144
393 148
394 146
395 150
396 148
397 146
398 144
399 144
400 146
401 146
402 150
403 146
404 150
405 144
406 148
407 150
408 146
409 150
410 150
411 146
412 146
413 146
414 146
415 148
416 144
417 148
418 150
419 146
420 150
421 146
422 144
423 150
424 150
425 148
426 150
427 146
428 146
429 146
430 150
431 146
432 148
433 148
434 146
435 150
436 150
437 148
438 146
439 150
440 150
441 146
442 152
443 148
444 146
445 146
446 146
447 150
448 146
449 148
450 148
451 154
452 148
453 146
454 150
455 148
456 148
457 148
458 148
459 148
460 150
461 150
462 148
463 154
464 150
465 148
466 150
467 146
468 146
469 150
470 150
471 152
472 150
473 150
474 152
475 152
476 152
477 150
478 148
479 152
480 148
481 152
482 150
483 148
484 152
485 150
486 154
487 154
488 154
489 148
490 150
491 152
492 154
493 152
494 152
495 154
496 154
497 150
498 150
499 150
500 150
501 152
502 150
503 152
504 152
505 154
506 154
507 152
508 150
509 150
510 152
511 150
512 156
513 150
514 150
515 150
516 150
517 152
518 156
519 152
520 150
521 150
522 152
523 154
524 150
525 154
526 154
527 152
528 152
529 152
530 152
531 152
532 154
533 152
534 152
535 154
536 154
537 158
538 152
539 152
540 158
541 156
542 152
543 152
544 154
545 154
546 154
547 154
548 158
549 160
550 158
551 154
552 156
553 156
554 152
555 158
556 152
557 156
558 156
559 156
560 154
561 154
562 154
563 154
564 160
565 156
566 154
567 154
568 156
569 158
570 156
571 158
572 156
573 156
574 160
575 158
576 156
577 156
578 156
579 158
580 158
581 156
582 156
583 160
584 156
585 158
586 156
587 160
588 160
589 158
590 156
591 156
592 160
593 156
594 156
595 156
596 156
597 160
598 160
599 156
600 156
601 156
602 160
603 158
604 158
605 156
606 158
607 156
608 160
609 158
610 156
611 160
612 162
613 160
614 160
615 156
616 156
617 156
618 156
619 160
620 158
621 156
622 158
623 156
624 156
625 156
626 158
627 158
628 156
629 160
630 156
631 158
632 160
633 158
634 156
635 160
636 156
637 158
638 160
639 162
640 160
641 158
642 156
643 160
644 162
645 156
646 156
647 156
648 162
649 160
650 160
651 162
652 160
653 156
654 158
655 158
656 160
657 160
658 158
659 162
660 158
661 158
662 160
663 160
664 160
665 158
666 162
667 162
668 160
669 160
670 158
671 158
672 162
673 164
674 158
675 162
676 158
677 160
678 158
679 162
680 158
681 158
682 158
683 162
684 160
685 162
686 158
687 160
688 162
689 158
690 158
691 162
692 162
693 162
694 158
695 160
696 158
697 162
698 164
699 164
700 164
701 162
702 160
703 160
704 162
705 160
706 162
707 160
708 164
709 160
710 160
711 162
712 162
713 160
714 160
715 164
716 162
717 164
718 162
719 160
720 160
721 162
722 162
723 164
724 160
725 162
726 162
727 160
728 160
729 164
730 160
731 164
732 162
733 164
734 162
735 162
736 160
737 164
738 164
739 164
740 164
741 160
742 162
743 162
744 162
745 164
746 160
747 160
748 160
749 164
750 164
751 164
752 160
753 164
754 164
755 160
756 162
757 160
758 162
759 162
760 160
761 160
762 162
763 162
764 160
765 160
766 162
767 160
768 160
769 160
770 160
771 160
772 164
773 164
774 160
775 162
776 160
777 160
778 160
779 166
780 162
781 164
782 160
783 160
784 164
785 162
786 164
787 166
788 160
789 166
790 164
791 162
792 164
793 162
794 164
795 160
796 164
797 164
798 160
799 162
800 162
801 162
802 164
803 162
804 162
805 164
806 162
807 162
808 162
809 162
810 162
811 166
812 162
813 168
814 162
815 168
816 162
817 162
818 162
819 162
820 166
821 162
822 164
823 166
824 164
825 166
826 166
827 164
828 162
829 162
830 162
831 164
832 164
833 166
834 162
835 162
836 166
837 168
838 166
839 164
840 164
841 164
842 162
843 162
844 166
845 164
846 166
847 168
848 166
849 166
850 166
851 166
852 164
853 170
854 164
855 170
856 164
857 164
858 168
859 164
860 170
861 168
862 168
863 168
864 166
865 164
866 168
867 166
868 170
869 168
870 166
871 164
872 170
873 168
874 168
875 168
876 164
877 164
878 170
879 172
880 168
881 166
882 166
883 168
884 170
885 166
886 166
887 166
888 168
889 172
890 166
891 174
892 170
893 168
894 168
895 168
896 168
897 172
898 168
899 172
900 170
901 168
902 170
903 168
904 168
905 170
906 172
907 168
908 168
909 172
910 168
911 170
912 174
913 174
914 168
915 174
916 170
917 170
918 172
919 170
920 174
921 170
922 172
923 170
924 172
925 170
926 172
927 170
928 172
929 170
930 172
931 170
932 170
933 172
934 170
935 172
936 170
937 172
938 172
939 170
940 170
941 172
942 170
943 170
944 170
945 170
946 170
947 176
948 170
949 170
950 170
951 172
952 170
953 172
954 170
955 170
956 174
957 170
958 172
959 170
960 170
961 170
962 174
963 170
964 170
965 174
966 174
967 172
968 174
969 172
970 170
971 170
972 170
973 172
974 170
975 172
976 170
977 170
978 172
979 174
980 174
981 172
982 172
983 174
984 172
985 174
986 172
987 172
988 172
989 172
990 174
991 172
992 172
993 172
994 172
995 174
996 174
997 174
998 174
999 174
