0 -0.0175439
1 0.0178571
2 0
3 0.0175439
4 0.0344828
5 -0.0333333
6 0.0344828
7 0
8 -0.0333333
9 0.0344828
10 0.0166667
11 0
12 0.0163934
13 0.016129
14 -0.031746
15 0.0163934
16 0
17 0
18 0
19 0.0322581
20 0
21 -0.015625
22 0.047619
23 -0.0151515
24 0
25 0.0153846
26 0
27 0.0151515
28 -0.0149254
29 0.030303
30 0.0147059
31 0
32 0
33 0
34 0
35 0
36 0.0144928
37 -0.0142857
38 0.0144928
39 0
40 0
41 0.0142857
42 0.0140845
43 0
44 0
45 0
46 0.0138889
47 0
48 0
49 0
50 0.0136986
51 -0.0135135
52 0.0136986
53 0
54 0
55 -0.0135135
56 0.0273973
57 0
58 0
59 0
60 0
61 0
62 0
63 0.0133333
64 0
65 0.0131579
66 -0.025974
67 0.0266667
68 -0.012987
69 0
70 0.0131579
71 0
72 0
73 0
74 0.012987
75 0
76 -0.0128205
77 0
78 0
79 0.025974
80 0
81 0.0126582
82 -0.0125
83 -0.0126582
84 0.025641
85 -0.0125
86 0.0126582
87 -0.0125
88 0.0126582
89 0
90 0
91 0
92 0.0125
93 -0.0123457
94 0
95 0
96 0
97 0.0125
98 0
99 0
100 0
101 0
102 -0.0123457
103 0.025
104 -0.0121951
105 0
106 0
107 0
108 0.0123457
109 -0.0121951
110 0.0123457
111 0
112 0
113 0
114 0
115 0
116 0
117 0
118 0
119 -0.0121951
120 0
121 0.0246914
122 0
123 0
124 0
125 0
126 0
127 0.0120482
128 0
129 -0.0119048
130 0
131 0.0120482
132 -0.0119048
133 0.0120482
134 0.0119048
135 0
136 0
137 0.0117647
138 0
139 0
140 0
141 0.0116279
142 -0.0114943
143 0
144 0
145 0.0116279
146 0
147 0
148 -0.0114943
149 0
150 0
151 0
152 0.0232558
153 0
154 0
155 -0.0113636
156 0
157 0
158 0
159 0
160 0
161 0
162 0
163 0
164 0
