0.2 -1 -2 0 0 0 0 0 -0 0 0.5 -1 -1 0 0 0 -1 -0.5 0 0 -1 -1 0 0 -2 -0.5 -1 -1 -1 1 -1 -1 3 0 0 0 0 0 0 0 0 -0 0 0 0 0 0 -0.5 1 -1 1 0 0 0 0 0 0 -1 -0 0 -3 -0.666667 -0.5 0 0 -2 -0.5 -1 -1 -1 2 -1 -1 -1 -0 0 0 0 0 -1 -0.333333 2 -1.5 -0.333333 1 0 0 0 0 -1 -2 0 0 0 -0 0 0 0.5 -1 -0 0 0 0 0 0 -0.5 1 0 0 -1 0 0 0 0 0 0 0 0 0 -0 0 -0.5 1 -0 0 0 0 0 0 0 0 0 -1 -3 0 0 -0 0 0 -0 0 -0.666667 -1 -0.5 1 -3 -0.666667 -0.5 -1 -0 0 -1 -0 0 -1 -0 0 -1 -1 0 0 0 0 -1 
-1 -0.333333 -0.5 0 0 1 -1 -0 0 0 0 0 0 -1 -1 -2 0.5 -1 -0 0 0 0 1 1 0 0 -0 0 0.5 -2 -1.5 -0.333333 -1 0 0 -1 -1 -1 2 -0.5 1 -1 1 0 0 -1 -0 0 0 0 -1 -1 -0.5 1 -0 0 -0.333333 -2 0 0 -1 -1 1 -0 0 0 0 -0.333333 -0 0 -1 -0 0 0 -1 -0 0 0 0 0 -0.666667 -0 0 2 -0.5 1 -1 -1 -0 0 0 0 0 0 0 -0.5 -1 -0 0 0 0 -1 2 -1.5 -0.666667 0 0 0 -2 -0 0 1 -1 1 -1 1 -2 -0 0 0 0 0 0 -1 1 -1 -1 -3 -1 -0 0 -0.5 -1 -1 -2 -0.5 -1 -1 -1 -1 -0 0 1 1 -1 -0 0 -1 -0.5 0 0 0 -0 0 0 -1 -1 -0.5 -1 -1 -0 0 0 0 
-4 0.25 1 -1 -0 0 0 0 -0.333333 3 -0.333333 1 -2 -0.5 -2 0 0 -1 0 0 -0 0 -0.25 1 -3 -1 -0.666667 0.5 2 -0.5 -0 0 0 0 -0 0 -0.333333 -0 0 0 -1 -1 -1 -1 -1 -2 -0.5 -0 0 0 -0.75 -0.333333 0 0 -1 -2 -1 -0.5 2 0 0 -0 0 -2 -0.5 0 0 0 0 -3 -0.333333 1 -0 0 0 -0.333333 1 -1 0 0 -1 -1 0 0 0 0 -0.5 -1 -2 -1 -0.5 1 -0 0 0 0 -1 1 -3 -0.666667 -1 -1 -0 0 0 -1 -0 0 -0.333333 -1 -2 -0.5 1 -2 -1 0 0 -1 -0.5 1 -0 0 0 0 0 0 -2 -1 -1 -1 -0 0 2 0.5 -1 2 -0 0 0 -0.333333 -3 -1 -0 0 0 -0.666667 -0 0 -1 -0 0 0 0 0 -1 -2 -0.5 1 -2 0 0 -0 0 0 
0 0 0 0 0 1 0 0 -3 -0.666667 -0 0 0.666667 -1.5 -0.333333 -1 -1 -1 -0 0 2 1.5 -1.33333 -0.25 0 0 1 -1 -2 1.5 -0.666667 0.5 -2 -0.5 -2 -1 -1 -0.5 -2 -0.5 -0 0 0 0 -1 -0.333333 3 -0.333333 1 -3 -0.333333 -1 0 0 1 -0 0 0 -0.666667 -0 0 -1 -1 -1 -2 -0.75 -0 0 1 1 0 0 1 -0 0 -1 -0 0 0 0 0 1 0 0 -2 0 0 0 -2 0 0 -1 -1 -0 0 0 0 -2 -1 0.5 0 0 -1 0 0 0 -0.5 2 -1 -0 0 0 0 0 -0.5 -1 -2 -1 -1 -0 0 -1 -1 -1 -1 0 0 0 0 0 0 0 1 -1 -2 0.5 -3 -0 0 0 0 0.5 -1 1 -3 -0.333333 -0 0 0 0 0 -0 0 0 0 -1 -0 0 0 0 0 0 0 0 
-0.4 -3.5 0.142857 0 0 -1 0 0 -1 -1 3 0.333333 -1 1 -0 0 0 0 0 -1 1 -0.5 4 -0.75 -0 0 0.25 -1 1 -3 -0.333333 -2 0 0 0 0 0 0 -1 -1 -2 -0.5 3 -0.333333 2 -1 -0.5 -1 2 -1 -1 -1 -0.5 0 0 1 -1 1 -1 2 -1 -1 -1 -1 -0.5 -0 0 1 -1 1 -3 -0.333333 -0 0 -0 0 0 0 -0 0 0 -1 -0.333333 0 0 0 0 0 -1 -0 0 2 -1.5 -0.333333 -1 -0 0 0 0 -0.333333 0 0 0 0 0 0 -1 -1 0 0 -2 -1 -0.5 -1 -1 -1 -2 -1 -0 0 0 0 0 0 -0 0 0 0 0 -0 0 -2 -1 -0.5 -1 1 1 0 0 0 0 -0 0 0 -1 -0 0 0 0 0 0 2 0 0 0 -0 0 0 0 0 0 0 0 0 
-1.5 -0 0 0.666667 -0.5 1 -1 0 0 0 0 0 0 0 0 -0 0 2 0 0 -0 0 0 0 0 0 0 0 0 0 0 0 0 0 0 0 1 -0 0 0 0.333333 1 0 0 -1 1 -3 -1 0 0 0 0 0 0 0 -1 0 0 -1 -0 0 0 0.5 0 0 -0.333333 -1 -3 -0.666667 -0.5 0 0 0 0 0 0 0 0 0 0 0 -0.333333 2 -0 0 0 0 0 0 0 0 0 0 0 0 0 0 0 0 -0 0 0 0 0 0 0 0 0 0 0 0 0 0 0 0 0 1 -1 -0 0 -0 0 0 0 0 0 0 0 0 0 0 -3 -0.666667 0.5 -2 -0 0 0 0 0 0 0 0 -0 0 0 0 0 0 0 0 0 0 0 0 0 0 0 -0 0 0 0 0 0 
4 0 0 -4 -1 -0.5 -0.5 -0 0 -1 -1 0.5 -2 -1.5 -0.333333 -0 0 0 0 0 0 0 0 0 0 0 0 0 0 -0 0 0 0 0 0 0 0 0 -0.5 1 0 0 0 0 0 0 0 0 0 0 0 0 0 0 0 -2 0 0 0 0.5 -1 0 0 0 0 0 -1 -1.5 0 0 0 -0 0 0 0 0 0 0 0 0 0 0 0 0 0 0 0 0 0 0 -0 0 0 0 0 0 0 0 0 0 0 0 0 -0 0 0 0 0 0 0 0 0 0 0 0 0 0 0 0 0 -0 0 0 0 0 0 0 0 0 0 0 0 0 0 -2 0 0 0 0 0 0 0 0 0 0 0 0 0 0 0 0 0 0 0 0 0 0 0 0 0 0 0 0 0 
-0 0 0 0 0 -0.5 2 -0.5 -1 0 0 0 -2 -0 0 0 0 0 0 0 0 0 0 0 0 0 0 0 0 0 0 0 0 0 0 0 0 0 0 0 0 0 0 0 0 0 0 0 0 0 0 0 0 0 0 0 0 0 0 0 0 0 0 0 0 0 0 0 0 0 0 0 0 0 0 0 0 0 0 0 0 0 0 0 0 0 0 0 0 0 0 0 0 0 0 0 0 -0 0 0 0 0 0 0 0 0 0 0 0 0 0 0 0 0 0 0 0 0 0 -0 0 0 0 0 0 0 0 0 0 0 0 0 0 -0 0 0 0 0 0 0 0 0 0 0 0 0 0 0 0 0 0 0 0 0 0 0 0 0 0 0 0 0 0 0 
0 0 0 0 0 0 0 0 0 0 0 0 0 0 0 0 0 0 0 0 0 0 0 0 0 0 0 0 0 0 0 0 0 0 0 0 0 0 0 0 0 0 0 0 0 0 0 0 0 0 0 0 0 0 0 0 0 0 0 0 0 0 0 0 0 0 0 0 0 0 0 0 0 0 0 0 0 0 0 0 0 0 0 0 0 0 0 0 0 0 0 0 0 0 0 0 0 0 0 0 0 0 0 0 0 0 0 0 0 0 0 0 0 0 0 0 0 0 0 0 0 0 0 0 0 0 0 0 0 0 0 0 0 0 0 0 0 0 0 0 0 0 0 0 0 0 0 0 0 0 0 0 0 0 0 0 0 0 0 0 0 0 0 0 
-0 0 0 0 0 0 0 -0 0 0 0 0 0 0 0 0 0 0 0 0 0 0 0 0 0 0 0 0 0 0 0 0 0 0 0 0 0 0 0 0 0 0 0 0 0 0 0 0 0 0 0 0 0 0 0 0 0 0 0 0 0 0 0 0 0 0 0 0 0 0 0 0 0 0 0 0 0 0 0 0 0 0 0 0 0 0 0 0 0 0 0 0 0 0 0 0 0 0 0 0 0 0 0 0 0 0 0 0 0 0 0 0 0 0 0 0 0 0 0 0 0 0 0 0 0 0 0 0 0 0 0 0 0 0 0 0 0 0 0 0 0 0 0 0 0 0 0 0 0 0 0 0 0 0 0 0 0 0 0 0 0 0 0 0 
