0 4.05578e-320
1 114
2 114
3 114
4 114
5 116
6 120
7 120
8 120
9 120
10 120
11 120
12 122
13 122
14 124
15 126
16 126
17 126
18 126
19 126
20 126
21 128
22 128
23 128
24 132
25 132
26 132
27 132
28 132
29 134
30 134
31 136
32 138
33 138
34 138
35 138
36 138
37 138
38 140
39 140
40 140
41 140
42 140
43 142
44 144
45 144
46 144
47 144
48 146
49 146
50 146
51 146
52 148
53 148
54 148
55 148
56 148
57 148
58 150
59 150
60 150
61 150
62 150
63 150
64 150
65 152
66 152
67 154
68 154
69 154
70 154
71 154
72 154
73 154
74 154
75 154
76 156
77 156
78 156
79 156
80 156
81 158
82 158
83 160
84 160
85 160
86 160
87 160
88 160
89 160
90 160
91 160
92 160
93 160
94 162
95 162
96 162
97 162
98 162
99 162
100 162
101 162
102 162
103 162
104 162
105 164
106 164
107 164
108 164
109 164
110 164
111 164
112 164
113 164
114 164
115 164
116 164
117 164
118 164
119 164
120 164
121 164
122 164
123 166
124 166
125 166
126 166
127 166
128 166
129 168
130 168
131 168
132 168
133 168
134 168
135 168
136 170
137 170
138 170
139 172
140 172
141 172
142 172
143 174
144 174
145 174
146 174
147 174
148 174
149 174
150 174
151 174
152 174
153 174
154 176
155 176
156 176
157 176
158 176
159 176
160 176
161 176
162 176
163 176
164 176
165 176
166 176
