0 0
1 2
2 0
3 2
4 4
5 0
6 4
7 0
8 0
9 4
10 2
11 0
12 2
13 2
14 0
15 2
16 0
17 0
18 0
19 4
20 0
21 0
22 6
23 0
24 0
25 2
26 0
27 2
28 0
29 4
30 2
31 0
32 0
33 0
34 0
35 0
36 2
37 0
38 2
39 0
40 0
41 2
42 2
43 0
44 0
45 0
46 2
47 0
48 0
49 0
50 2
51 0
52 2
53 0
54 0
55 0
56 4
57 0
58 0
59 0
60 0
61 0
62 0
63 2
64 0
65 2
66 0
67 4
68 0
69 0
70 2
71 0
72 0
73 0
74 2
75 0
76 0
77 0
78 0
79 4
80 0
81 2
82 0
83 0
84 4
85 0
86 2
87 0
88 2
89 0
90 0
91 0
92 2
93 0
94 0
95 0
96 0
97 2
98 0
99 0
100 0
101 0
102 0
103 4
104 0
105 0
106 0
107 0
108 2
109 0
110 2
111 0
112 0
113 0
114 0
115 0
116 0
117 0
118 0
119 0
120 0
121 4
122 0
123 0
124 0
125 0
126 0
127 2
128 0
129 0
130 0
131 2
132 0
133 2
134 2
135 0
136 0
137 2
138 0
139 0
140 0
141 2
142 0
143 0
144 0
145 2
146 0
147 0
148 0
149 0
150 0
151 0
152 4
153 0
154 0
155 0
156 0
157 0
158 0
159 0
160 0
161 0
162 0
163 0
164 0
