0 0.51
1 0.49
2 0.48
3 0.48
4 0.52
5 0.51
6 0.46
7 0.48
8 0.48
9 0.49
10 0.49
11 0.46
12 0.46
13 0.44
14 0.47
15 0.47
16 0.46
17 0.46
18 0.47
19 0.47
20 0.49
21 0.49
22 0.48
23 0.46
24 0.48
25 0.48
26 0.48
27 0.47
28 0.48
29 0.47
30 0.46
31 0.46
32 0.48
33 0.48
34 0.45
35 0.45
36 0.45
37 0.45
38 0.44
39 0.47
40 0.44
41 0.48
42 0.48
43 0.48
44 0.44
45 0.45
46 0.45
47 0.46
48 0.45
49 0.46
50 0.46
51 0.45
52 0.47
53 0.46
54 0.44
55 0.47
56 0.46
57 0.45
58 0.46
59 0.46
60 0.49
61 0.43
62 0.45
63 0.48
64 0.47
65 0.45
66 0.46
67 0.47
68 0.45
69 0.46
70 0.43
71 0.41
72 0.44
73 0.45
74 0.43
75 0.43
76 0.44
77 0.41
78 0.44
79 0.42
80 0.44
81 0.43
82 0.44
83 0.45
84 0.45
85 0.45
86 0.46
87 0.45
88 0.46
89 0.46
90 0.44
91 0.45
92 0.44
93 0.43
94 0.47
95 0.44
96 0.46
97 0.45
98 0.47
99 0.45
100 0.47
101 0.46
102 0.48
103 0.44
104 0.46
105 0.47
106 0.44
107 0.46
108 0.45
109 0.45
110 0.45
111 0.47
112 0.45
113 0.47
114 0.45
115 0.48
116 0.46
117 0.45
118 0.45
119 0.49
120 0.48
121 0.48
122 0.47
123 0.46
124 0.45
125 0.45
126 0.49
127 0.49
128 0.48
129 0.48
130 0.46
131 0.47
132 0.5
133 0.49
134 0.48
135 0.49
136 0.49
137 0.49
138 0.49
139 0.48
140 0.48
141 0.5
142 0.5
143 0.49
144 0.47
145 0.51
146 0.48
147 0.49
148 0.49
149 0.48
150 0.48
151 0.49
152 0.5
153 0.5
154 0.49
155 0.51
156 0.49
157 0.5
158 0.53
159 0.5
160 0.5
161 0.52
162 0.5
163 0.5
164 0.5
