10 12 10 14 14 14 16 16 14 14 18 20 18 20 20 20 24 20 22 22 28 22 28 28 26 30 28 30 28 30 32 30 32 38 38 38 38 38 38 38 38 36 36 40 40 40 40 44 42 40 42 44 44 44 44 46 46 48 46 46 44 50 46 48 48 46 50 48 50 48 50 54 50 54 50 50 50 52 52 58 52 54 58 52 54 56 56 56 56 58 56 60 60 60 56 56 56 60 62 60 60 60 60 62 62 58 60 62 62 60 62 62 62 62 62 64 64 64 64 60 60 64 62 60 60 62 62 62 62 62 64 64 66 64 70 70 68 68 68 66 66 72 68 72 70 68 74 70 72 70 70 72 70 70 72 70 70 72 70 72 72 74 74 72 74 
2 14 10 12 12 14 16 14 14 18 18 20 20 18 20 18 22 24 22 22 24 24 26 28 30 30 28 28 32 34 30 36 34 36 36 34 36 34 36 40 38 36 38 40 40 42 40 40 42 42 46 42 46 44 42 42 48 46 50 50 48 50 48 46 46 48 48 54 52 52 54 52 52 52 56 52 52 52 52 52 58 54 54 56 60 58 56 58 56 56 56 58 58 60 60 56 58 56 56 60 60 58 60 64 58 62 62 62 64 60 60 62 64 62 60 62 64 60 60 62 62 64 64 66 64 62 64 62 68 62 62 66 64 66 64 68 66 68 66 68 66 66 68 70 72 70 70 74 70 72 72 72 70 70 70 74 70 74 72 74 72 72 72 74 74 
4 12 14 16 14 14 20 20 14 16 22 20 18 22 20 24 24 20 24 24 22 22 30 28 26 32 26 30 32 36 34 34 36 36 34 34 40 38 38 38 40 38 40 38 40 38 42 40 40 40 48 42 44 44 46 44 48 44 46 50 50 48 48 50 46 48 48 50 50 48 54 52 50 50 50 56 54 52 54 54 56 54 56 56 56 56 60 58 60 56 60 58 56 56 58 58 60 58 56 62 58 62 58 58 58 60 58 58 64 62 64 60 62 64 60 64 64 60 64 62 60 60 60 64 64 64 62 66 62 66 62 62 64 68 70 68 64 64 64 70 68 74 68 68 68 74 70 70 72 70 70 70 70 70 72 70 74 72 70 74 74 72 72 74 74 
10 10 10 12 12 14 16 16 14 20 16 16 22 26 20 22 20 22 20 20 22 26 32 24 26 26 28 30 28 32 38 34 32 36 34 38 34 38 36 40 38 38 38 38 44 38 40 46 44 42 48 46 48 48 46 44 44 44 50 46 46 50 46 50 46 54 48 48 50 52 54 54 52 50 50 52 50 50 52 52 52 54 56 56 54 58 58 58 56 60 60 56 60 56 56 58 58 60 56 60 62 62 58 62 62 62 58 60 64 60 60 60 60 60 64 62 64 60 64 60 60 62 60 62 60 62 62 62 62 62 62 62 64 66 64 68 70 64 64 66 66 70 72 70 68 74 72 72 72 72 72 70 70 70 70 72 70 70 72 72 72 72 72 74 74 
2 -2 12 14 14 12 14 14 16 14 16 22 24 22 20 20 24 24 24 28 24 20 22 30 24 24 32 34 32 30 36 34 38 38 38 38 38 38 40 38 40 36 38 44 42 38 42 40 42 46 42 46 42 44 44 46 48 46 44 46 50 46 50 46 50 48 48 50 52 50 48 54 52 52 50 50 54 54 52 52 52 58 52 54 54 54 56 56 58 56 56 58 62 56 58 56 56 62 62 56 58 58 58 58 58 58 62 58 62 62 60 64 60 62 60 62 60 64 60 60 60 60 64 64 62 62 62 68 68 64 64 66 62 66 64 66 68 70 70 70 70 68 68 68 72 68 68 70 70 70 70 72 76 76 76 70 70 70 70 70 70 72 72 72 72 
12 6 6 12 16 14 12 14 14 14 18 18 20 20 20 18 18 20 24 24 22 22 22 28 28 28 28 30 30 32 32 38 38 38 38 38 36 34 34 34 40 42 44 44 42 44 46 40 46 46 46 46 46 46 46 44 46 46 48 46 46 46 50 52 52 46 48 46 52 48 50 50 54 54 54 54 54 54 54 54 54 60 58 54 54 54 56 56 56 56 56 56 56 56 56 60 60 60 60 58 58 58 58 60 60 60 60 60 60 60 60 60 60 60 60 60 62 64 62 62 60 60 62 62 62 62 62 62 62 66 66 68 62 66 68 64 64 72 72 72 72 72 72 68 68 68 68 68 68 68 68 70 70 70 70 70 74 74 70 70 70 70 70 70 70 
-2 14 14 12 20 12 16 14 14 18 14 18 20 16 22 20 20 20 20 20 22 22 22 30 30 30 30 32 32 30 30 30 30 30 30 38 38 38 34 36 38 38 40 40 40 40 40 40 42 42 42 42 48 48 48 46 50 50 50 46 44 46 46 46 46 46 50 46 52 52 52 50 50 50 50 50 50 50 54 54 54 54 54 54 54 54 54 54 60 60 56 56 56 56 56 56 56 58 58 58 60 60 60 58 58 58 58 58 58 58 58 58 58 58 58 58 62 62 62 62 60 60 64 64 64 64 64 64 64 64 64 64 66 66 64 68 68 68 68 68 68 68 68 68 68 68 68 68 68 68 68 68 68 68 68 68 74 74 74 74 74 74 74 74 74 
-2 -2 -2 16 16 12 14 18 16 18 18 18 20 16 16 24 24 24 24 24 24 24 24 24 24 24 24 24 24 24 24 24 24 24 24 24 24 24 36 36 36 36 36 36 36 40 40 40 40 40 40 40 40 40 40 40 40 40 40 48 48 50 50 50 50 50 50 50 50 50 50 50 50 50 50 50 50 50 50 50 50 50 50 50 50 50 50 50 60 60 60 60 60 60 60 60 60 56 56 56 60 60 60 60 60 60 60 60 60 60 60 60 60 60 60 60 62 62 62 60 60 66 66 66 66 66 66 66 66 66 66 66 66 64 64 66 66 66 66 66 66 66 66 66 66 66 66 66 66 66 66 66 66 66 66 66 66 66 66 66 66 66 66 66 66 
-2 -2 -2 -2 14 14 14 14 14 14 14 18 18 20 20 20 20 20 22 22 22 22 22 22 22 22 22 22 22 22 22 22 22 22 22 22 22 22 34 34 34 34 34 34 34 34 34 34 34 34 34 34 34 34 34 34 34 34 34 34 34 34 34 34 34 34 34 34 34 34 34 34 34 34 34 34 34 34 34 34 34 34 34 34 34 34 34 34 34 34 34 34 34 34 34 34 34 60 60 60 60 60 60 60 60 60 60 60 60 60 60 60 60 60 60 60 60 60 60 60 60 60 60 60 60 60 60 60 60 66 66 66 66 66 66 70 70 70 70 70 70 70 70 70 70 70 70 70 70 70 70 70 70 70 70 70 70 70 70 70 70 70 70 70 70 
-10 -10 -10 -10 -10 16 16 12 12 12 12 12 12 12 12 12 12 12 12 12 12 12 12 12 12 12 12 12 12 12 12 12 12 12 12 12 12 12 12 12 12 12 12 12 12 12 12 12 12 12 12 12 12 12 12 12 12 12 12 12 12 12 12 12 12 12 12 12 12 12 12 12 12 12 12 12 12 12 12 12 12 12 12 12 12 12 12 12 12 12 12 12 12 12 12 12 12 12 12 12 12 12 12 12 12 12 12 12 12 12 12 12 12 12 12 12 12 12 12 12 12 12 12 12 12 12 12 12 12 12 12 12 12 12 12 12 12 12 12 12 12 12 12 12 12 12 12 12 12 12 12 12 12 12 12 12 12 12 12 12 12 12 12 12 12 
