0 -0.12
1 -0.14
2 -0.14
3 -0.16
4 -0.2
5 -0.16
6 -0.2
7 -0.2
8 -0.16
9 -0.2
10 -0.22
11 -0.22
12 -0.24
13 -0.26
14 -0.22
15 -0.24
16 -0.24
17 -0.24
18 -0.24
19 -0.28
20 -0.28
21 -0.26
22 -0.32
23 -0.3
24 -0.3
25 -0.32
26 -0.32
27 -0.34
28 -0.32
29 -0.36
30 -0.38
31 -0.38
32 -0.38
33 -0.38
34 -0.38
35 -0.38
36 -0.4
37 -0.38
38 -0.4
39 -0.4
40 -0.4
41 -0.42
42 -0.44
43 -0.44
44 -0.44
45 -0.44
46 -0.46
47 -0.46
48 -0.46
49 -0.46
50 -0.48
51 -0.46
52 -0.48
53 -0.48
54 -0.48
55 -0.46
56 -0.5
57 -0.5
58 -0.5
59 -0.5
60 -0.5
61 -0.5
62 -0.5
63 -0.52
64 -0.52
65 -0.54
66 -0.5
67 -0.54
68 -0.52
69 -0.52
70 -0.54
71 -0.54
72 -0.54
73 -0.54
74 -0.56
75 -0.56
76 -0.54
77 -0.54
78 -0.54
79 -0.58
80 -0.58
81 -0.6
82 -0.58
83 -0.56
84 -0.6
85 -0.58
86 -0.6
87 -0.58
88 -0.6
89 -0.6
90 -0.6
91 -0.6
92 -0.62
93 -0.6
94 -0.6
95 -0.6
96 -0.6
97 -0.62
98 -0.62
99 -0.62
100 -0.62
101 -0.62
102 -0.6
103 -0.64
104 -0.62
105 -0.62
106 -0.62
107 -0.62
108 -0.64
109 -0.62
110 -0.64
111 -0.64
112 -0.64
113 -0.64
114 -0.64
115 -0.64
116 -0.64
117 -0.64
118 -0.64
119 -0.62
120 -0.62
121 -0.66
122 -0.66
123 -0.66
124 -0.66
125 -0.66
126 -0.66
127 -0.68
128 -0.68
129 -0.66
130 -0.66
131 -0.68
132 -0.66
133 -0.68
134 -0.7
135 -0.7
136 -0.7
137 -0.72
138 -0.72
139 -0.72
140 -0.72
141 -0.74
142 -0.72
143 -0.72
144 -0.72
145 -0.74
146 -0.74
147 -0.74
148 -0.72
149 -0.72
150 -0.72
151 -0.72
152 -0.76
153 -0.76
154 -0.76
155 -0.74
156 -0.74
157 -0.74
158 -0.74
159 -0.74
160 -0.74
161 -0.74
162 -0.74
163 -0.74
164 -0.74
