0 0
1 0
2 0
3 1
4 2
5 3
6 3
7 4
8 5
9 6
10 6
11 7
12 6
13 7
14 8
15 8
16 8
17 9
18 9
19 9
20 10
21 10
22 10
23 11
24 12
25 11
26 12
27 13
28 12
29 12
30 13
31 14
32 13
33 14
34 13
35 14
36 14
37 15
38 15
39 15
40 15
41 15
42 15
43 15
44 15
45 15
46 15
47 15
48 15
49 15
50 15
51 15
52 15
53 15
54 15
55 14
56 15
57 14
58 15
59 14
60 15
61 14
62 14
63 13
64 14
65 13
66 14
67 14
68 14
69 15
70 14
71 15
72 15
73 15
74 16
75 15
76 15
77 16
78 16
79 15
80 16
81 16
82 16
83 16
84 16
85 16
86 16
87 16
88 16
89 16
90 16
91 16
92 16
93 16
94 16
95 16
96 16
97 16
98 16
99 17
100 16
101 17
102 16
103 16
104 17
105 17
106 18
107 18
108 17
109 17
110 18
111 17
112 18
113 17
114 18
115 17
116 18
117 19
118 18
119 18
120 18
121 18
122 19
123 18
124 19
125 19
126 19
127 19
128 19
129 20
130 19
131 19
132 19
133 19
134 20
135 19
136 20
137 20
138 20
139 19
140 20
141 20
142 20
143 20
144 20
145 19
146 20
147 20
148 20
149 20
150 19
151 20
152 20
153 20
154 20
155 20
156 20
157 20
158 19
159 19
160 19
161 20
162 20
