0 1.08
1 1.08
2 1.1
3 1.14
4 1.16
5 1.16
6 1.18
7 1.2
8 1.26
9 1.26
10 1.28
11 1.26
12 1.28
13 1.32
14 1.32
15 1.32
16 1.34
17 1.34
18 1.34
19 1.36
20 1.36
21 1.36
22 1.38
23 1.4
24 1.38
25 1.42
26 1.44
27 1.42
28 1.42
29 1.44
30 1.46
31 1.44
32 1.46
33 1.44
34 1.48
35 1.48
36 1.52
37 1.52
38 1.52
39 1.52
40 1.52
41 1.52
42 1.52
43 1.52
44 1.52
45 1.52
46 1.52
47 1.52
48 1.52
49 1.52
50 1.52
51 1.52
52 1.52
53 1.52
54 1.5
55 1.52
56 1.5
57 1.54
58 1.52
59 1.54
60 1.52
61 1.52
62 1.5
63 1.56
64 1.54
65 1.56
66 1.56
67 1.56
68 1.58
69 1.56
70 1.58
71 1.58
72 1.58
73 1.62
74 1.58
75 1.58
76 1.62
77 1.62
78 1.6
79 1.62
80 1.62
81 1.62
82 1.62
83 1.62
84 1.62
85 1.62
86 1.62
87 1.62
88 1.62
89 1.62
90 1.62
91 1.62
92 1.62
93 1.62
94 1.62
95 1.62
96 1.62
97 1.62
98 1.64
99 1.62
100 1.64
101 1.62
102 1.62
103 1.64
104 1.64
105 1.66
106 1.66
107 1.64
108 1.64
109 1.66
110 1.64
111 1.66
112 1.64
113 1.66
114 1.64
115 1.66
116 1.68
117 1.66
118 1.66
119 1.66
120 1.66
121 1.68
122 1.66
123 1.68
124 1.68
125 1.68
126 1.68
127 1.68
128 1.7
129 1.68
130 1.68
131 1.68
132 1.68
133 1.7
134 1.68
135 1.7
136 1.7
137 1.7
138 1.68
139 1.7
140 1.7
141 1.7
142 1.7
143 1.7
144 1.68
145 1.7
146 1.7
147 1.7
148 1.7
149 1.68
150 1.7
151 1.7
152 1.7
153 1.7
154 1.7
155 1.7
156 1.7
157 1.68
158 1.68
159 1.68
160 1.7
161 1.7
