0 0
1 0
2 0.0185185
3 0.0363636
4 0.0175439
5 0
6 0.0172414
7 0.0169492
8 0.05
9 0
10 0.015873
11 -0.015625
12 0.015873
13 0.03125
14 0
15 0
16 0.0151515
17 0
18 0
19 0.0149254
20 0
21 0
22 0.0147059
23 0.0144928
24 -0.0142857
25 0.0289855
26 0.0140845
27 -0.0138889
28 0
29 0.0140845
30 0.0138889
31 -0.0136986
32 0.0138889
33 -0.0136986
34 0.0277778
35 0
36 0.027027
37 0
38 0
39 0
40 0
41 0
42 0
43 0
44 0
45 0
46 0
47 0
48 0
49 0
50 0
51 0
52 0
53 0
54 -0.0131579
55 0.0133333
56 -0.0131579
57 0.0266667
58 -0.012987
59 0.0131579
60 -0.012987
61 0
62 -0.0131579
63 0.04
64 -0.0128205
65 0.012987
66 0
67 0
68 0.0128205
69 -0.0126582
70 0.0128205
71 0
72 0
73 0.0253165
74 -0.0246914
75 0
76 0.0253165
77 0
78 -0.0123457
79 0.0125
80 0
81 0
82 0
83 0
84 0
85 0
86 0
87 0
88 0
89 0
90 0
91 0
92 0
93 0
94 0
95 0
96 0
97 0
98 0.0123457
99 -0.0121951
100 0.0123457
101 -0.0121951
102 0
103 0.0123457
104 0
105 0.0121951
106 0
107 -0.0120482
108 0
109 0.0121951
110 -0.0120482
111 0.0121951
112 -0.0120482
113 0.0121951
114 -0.0120482
115 0.0121951
116 0.0120482
117 -0.0119048
118 0
119 0
120 0
121 0.0120482
122 -0.0119048
123 0.0120482
124 0
125 0
126 0
127 0
128 0.0119048
129 -0.0117647
130 0
131 0
132 0
133 0.0119048
134 -0.0117647
135 0.0119048
136 0
137 0
138 -0.0117647
139 0.0119048
140 0
141 0
142 0
143 0
144 -0.0117647
145 0.0119048
146 0
147 0
148 0
149 -0.0117647
150 0.0119048
151 0
152 0
153 0
154 0
155 0
156 0
157 -0.0117647
158 0
159 0
160 0.0119048
161 0
