0 108
1 88
2 92
3 102
4 104
5 106
6 96
7 100
8 96
9 90
10 108
11 96
12 96
13 96
14 102
15 98
16 102
17 104
18 106
19 104
20 102
21 108
22 102
23 108
24 102
25 98
26 100
27 98
28 104
29 110
30 100
31 102
32 110
33 108
34 108
35 108
36 108
37 114
38 108
39 108
40 110
41 112
42 110
43 98
44 110
45 106
46 108
47 108
48 116
49 112
50 104
51 110
52 112
53 104
54 112
55 106
56 110
57 112
58 116
59 116
60 112
61 118
62 114
63 110
64 110
65 118
66 114
67 114
68 110
69 114
70 116
71 114
72 112
73 116
74 120
75 120
76 114
77 118
78 116
79 120
80 116
81 114
82 114
83 116
84 116
85 126
86 116
87 126
88 114
89 118
90 118
91 116
92 120
93 120
94 120
95 116
96 118
97 118
98 120
99 122
100 120
101 128
102 118
103 122
104 120
105 124
106 120
107 126
108 122
109 122
110 120
111 116
112 120
113 126
114 122
115 122
116 120
117 128
118 124
119 122
120 128
121 122
122 122
123 132
124 122
125 126
126 124
127 128
128 126
129 122
130 128
131 126
132 128
133 126
134 132
135 126
136 124
137 128
138 126
139 132
140 128
141 124
142 132
143 128
144 132
145 128
146 130
147 126
148 134
149 128
150 130
151 128
152 128
153 130
154 134
155 124
156 132
157 130
158 134
159 132
160 132
161 130
162 132
163 130
164 130
165 132
166 136
167 132
168 132
169 130
170 134
171 132
172 134
173 130
174 136
175 134
176 134
177 132
178 134
179 132
180 128
181 134
182 132
183 132
184 134
185 132
186 136
187 134
188 130
189 136
190 138
191 134
192 134
193 134
194 138
195 130
196 136
197 140
198 134
199 136
200 136
201 138
202 136
203 134
204 136
205 134
206 138
207 138
208 136
209 136
210 138
211 134
212 138
213 140
214 142
215 134
216 134
217 138
218 136
219 136
220 140
221 140
222 134
223 136
224 136
225 144
226 140
227 136
228 138
229 136
230 136
231 136
232 142
233 142
234 142
235 140
236 140
237 142
238 138
239 142
240 140
241 144
242 144
243 138
244 140
245 140
246 142
247 144
248 142
249 144
250 144
251 146
252 142
253 140
254 142
255 142
256 140
257 140
258 140
259 144
260 144
261 142
262 142
263 144
264 142
265 146
266 140
267 142
268 144
269 142
270 140
271 142
272 142
273 140
274 144
275 142
276 142
277 140
278 142
279 148
280 148
281 144
282 144
283 146
284 144
285 142
286 148
287 144
288 146
289 144
290 144
291 146
292 146
293 148
294 152
295 144
296 144
297 144
298 142
299 144
300 142
301 144
302 150
303 146
304 152
305 142
306 144
307 150
308 148
309 146
310 148
311 150
312 148
313 144
314 144
315 146
316 150
317 150
318 146
319 150
320 152
321 152
322 146
323 148
324 150
325 148
326 150
327 152
328 148
329 152
330 150
331 150
332 148
333 152
334 150
335 150
336 148
337 150
338 150
339 150
340 150
341 150
342 150
343 148
344 152
345 150
346 150
347 152
348 150
349 150
350 150
351 150
352 152
353 150
354 152
355 152
356 148
357 150
358 150
359 150
360 152
361 152
362 148
363 148
364 150
365 152
366 148
367 150
368 152
369 150
370 152
371 148
372 152
373 150
374 150
375 152
376 148
377 152
378 148
379 150
380 152
381 152
382 150
383 150
384 148
385 150
386 148
387 150
388 148
389 148
390 152
391 148
392 150
393 148
394 150
395 150
396 148
397 150
398 152
399 150
400 148
401 150
402 148
403 148
404 148
405 154
406 148
407 148
408 152
409 150
410 152
411 152
412 152
413 154
414 150
415 150
416 152
417 150
418 148
419 148
420 152
421 148
422 150
423 148
424 152
425 152
426 150
427 152
428 150
429 150
430 148
431 152
432 148
433 150
434 150
435 150
436 150
437 150
438 150
439 150
440 150
441 150
442 156
443 154
444 154
445 150
446 152
447 154
448 150
449 154
450 154
451 152
452 152
453 152
454 150
455 154
456 156
457 150
458 150
459 154
460 152
461 154
462 156
463 152
464 152
465 150
466 152
467 150
468 156
469 152
470 154
471 156
472 154
473 156
474 152
475 152
476 156
477 156
478 154
479 156
480 158
481 154
482 152
483 154
484 152
485 156
486 154
487 154
488 154
489 154
490 156
491 152
492 154
493 154
494 156
495 158
496 156
497 156
498 156
499 156
500 154
501 152
502 156
503 156
504 156
505 158
506 156
507 154
508 158
509 152
510 156
511 156
512 152
513 156
514 156
515 158
516 162
517 152
518 158
519 154
520 158
521 158
522 154
523 156
524 158
525 158
526 156
527 158
528 154
529 154
530 154
531 156
532 154
533 158
534 154
535 158
536 162
537 154
538 160
539 158
540 162
541 154
542 156
543 158
544 154
545 158
546 154
547 160
548 156
549 154
550 156
551 158
552 156
553 162
554 162
555 158
556 156
557 160
558 154
559 156
560 162
561 162
562 162
563 160
564 158
565 160
566 160
567 158
568 160
569 158
570 160
571 162
572 160
573 162
574 162
575 160
576 158
577 162
578 162
579 162
580 162
581 158
582 158
583 158
584 162
585 160
586 162
587 158
588 158
589 158
590 162
591 162
592 160
593 160
594 158
595 158
596 160
597 158
598 160
599 158
600 160
601 162
602 158
603 158
604 158
605 160
606 162
607 158
608 160
609 158
610 158
611 160
612 160
613 158
614 160
615 162
616 160
617 160
618 160
619 162
620 160
621 158
622 160
623 158
624 160
625 160
626 160
627 158
628 162
629 160
630 158
631 158
632 158
633 158
634 160
635 158
636 160
637 158
638 158
639 160
640 162
641 158
642 162
643 160
644 162
645 158
646 160
647 160
648 158
649 164
650 160
651 160
652 162
653 160
654 158
655 158
656 160
657 158
658 158
659 160
660 160
661 164
662 162
663 160
664 162
665 160
666 160
667 162
668 160
669 160
670 158
671 158
672 160
673 160
674 162
675 160
676 162
677 158
678 162
679 164
680 158
681 162
682 158
683 162
684 160
685 160
686 164
687 164
688 160
689 160
690 166
691 160
692 162
693 162
694 160
695 162
696 160
697 160
698 160
699 160
700 162
701 164
702 162
703 162
704 164
705 160
706 160
707 160
708 162
709 160
710 162
711 160
712 162
713 164
714 160
715 166
716 162
717 160
718 162
719 162
720 162
721 164
722 160
723 164
724 162
725 160
726 164
727 166
728 164
729 164
730 162
731 162
732 164
733 162
734 164
735 166
736 162
737 162
738 164
739 162
740 164
741 164
742 164
743 162
744 162
745 162
746 162
747 166
748 166
749 162
750 164
751 162
752 168
753 162
754 164
755 164
756 164
757 166
758 162
759 162
760 164
761 164
762 162
763 162
764 164
765 164
766 162
767 162
768 162
769 162
770 162
771 162
772 164
773 162
774 162
775 168
776 162
777 164
778 166
779 162
780 164
781 164
782 166
783 166
784 162
785 164
786 162
787 168
788 164
789 162
790 164
791 168
792 164
793 164
794 162
795 162
796 164
797 168
798 164
799 164
800 166
801 164
802 164
803 166
804 164
805 166
806 168
807 166
808 164
809 166
810 166
811 170
812 166
813 166
814 164
815 166
816 168
817 164
818 164
819 168
820 166
821 164
822 164
823 166
824 166
825 164
826 164
827 164
828 166
829 164
830 166
831 168
832 166
833 166
834 166
835 166
836 168
837 168
838 166
839 164
840 170
841 168
842 164
843 166
844 164
845 166
846 168
847 166
848 168
849 164
850 168
851 166
852 166
853 164
854 166
855 166
856 168
857 164
858 168
859 170
860 168
861 170
862 166
863 170
864 168
865 168
866 166
867 166
868 168
869 166
870 168
871 168
872 166
873 170
874 166
875 166
876 168
877 168
878 168
879 166
880 166
881 168
882 166
883 168
884 170
885 166
886 168
887 168
888 168
889 166
890 166
891 170
892 170
893 170
894 166
895 166
896 168
897 168
898 168
899 170
900 166
901 168
902 168
903 170
904 168
905 168
906 166
907 166
908 168
909 166
910 168
911 166
912 166
913 170
914 168
915 168
916 168
917 170
918 168
919 168
920 166
921 170
922 168
923 170
924 170
925 168
926 168
927 166
928 166
929 168
930 170
931 166
932 170
933 166
934 168
935 166
936 168
937 166
938 166
939 166
940 166
941 166
942 170
943 168
944 170
945 170
946 168
947 168
948 166
949 166
950 166
951 168
952 168
953 166
954 170
955 170
956 166
957 166
958 166
959 170
960 168
961 166
962 166
963 170
964 168
965 168
966 168
967 166
968 170
969 168
970 168
971 166
972 170
973 168
974 166
975 166
976 166
977 168
978 166
979 166
980 166
981 168
982 166
983 166
984 166
985 166
986 168
987 166
988 166
989 166
990 166
991 166
992 166
993 168
994 170
995 170
996 168
997 166
998 168
999 166
