0 1
1 1
2 1.25
3 1.4
4 1.14286
5 1
6 1.125
7 1.11111
8 1.3
9 1
10 1.07692
11 0.928571
12 1.07692
13 1.14286
14 1
15 1
16 1.0625
17 1
18 1
19 1.05882
20 1
21 1
22 1.05556
23 1.05263
24 0.95
25 1.10526
26 1.04762
27 0.954545
28 1
29 1.04762
30 1.04545
31 0.956522
32 1.04545
33 0.956522
34 1.09091
35 1
36 1.08333
37 1
38 1
39 1
40 1
41 1
42 1
43 1
44 1
45 1
46 1
47 1
48 1
49 1
50 1
51 1
52 1
53 1
54 0.961538
55 1.04
56 0.961538
57 1.08
58 0.962963
59 1.03846
60 0.962963
61 1
62 0.961538
63 1.12
64 0.964286
65 1.03704
66 1
67 1
68 1.03571
69 0.965517
70 1.03571
71 1
72 1
73 1.06897
74 0.935484
75 1
76 1.06897
77 1
78 0.967742
79 1.03333
80 1
81 1
82 1
83 1
84 1
85 1
86 1
87 1
88 1
89 1
90 1
91 1
92 1
93 1
94 1
95 1
96 1
97 1
98 1.03226
99 0.96875
100 1.03226
101 0.96875
102 1
103 1.03226
104 1
105 1.03125
106 1
107 0.969697
108 1
109 1.03125
110 0.969697
111 1.03125
112 0.969697
113 1.03125
114 0.969697
115 1.03125
116 1.0303
117 0.970588
118 1
119 1
120 1
121 1.0303
122 0.970588
123 1.0303
124 1
125 1
126 1
127 1
128 1.02941
129 0.971429
130 1
131 1
132 1
133 1.02941
134 0.971429
135 1.02941
136 1
137 1
138 0.971429
139 1.02941
140 1
141 1
142 1
143 1
144 0.971429
145 1.02941
146 1
147 1
148 1
149 0.971429
150 1.02941
151 1
152 1
153 1
154 1
155 1
156 1
157 0.971429
158 1
159 1
160 1.02941
161 1
