0 4.05578e-320
1 108
2 108
3 108
4 110
5 114
6 116
7 116
8 118
9 120
10 126
11 126
12 128
13 128
14 128
15 132
16 132
17 132
18 134
19 134
20 134
21 136
22 136
23 136
24 138
25 140
26 140
27 142
28 144
29 144
30 144
31 144
32 146
33 146
34 146
35 146
36 148
37 148
38 152
39 152
40 152
41 152
42 152
43 152
44 152
45 152
46 152
47 152
48 152
49 152
50 152
51 152
52 152
53 152
54 152
55 152
56 152
57 152
58 152
59 154
60 154
61 154
62 154
63 154
64 154
65 156
66 156
67 156
68 156
69 156
70 158
71 158
72 158
73 158
74 158
75 162
76 162
77 162
78 162
79 162
80 162
81 162
82 162
83 162
84 162
85 162
86 162
87 162
88 162
89 162
90 162
91 162
92 162
93 162
94 162
95 162
96 162
97 162
98 162
99 162
100 164
101 164
102 164
103 164
104 164
105 164
106 164
107 166
108 166
109 166
110 166
111 166
112 166
113 166
114 166
115 166
116 166
117 166
118 168
119 168
120 168
121 168
122 168
123 168
124 168
125 168
126 168
127 168
128 168
129 168
130 170
131 170
132 170
133 170
134 170
135 170
136 170
137 170
138 170
139 170
140 170
141 170
142 170
143 170
144 170
145 170
146 170
147 170
148 170
149 170
150 170
151 170
152 170
153 170
154 170
155 170
156 170
157 170
158 170
159 170
160 170
161 170
162 170
163 170
