0 0
1 0
2 0
3 -0.0772173
4 -0.150163
5 -0.148698
6 -0.122462
7 -0.122824
8 -0.121353
9 -0.139924
10 -0.125093
11 -0.120626
12 -0.110041
13 -0.101162
14 -0.10409
15 -0.096825
16 -0.0905077
17 -0.08884
18 -0.0837036
19 -0.0791283
20 -0.0781039
21 -0.07425
22 -0.0707584
23 -0.0700928
24 -0.0693595
25 -0.0664949
26 -0.0658558
27 -0.0651747
28 -0.0627755
29 -0.0605466
30 -0.0584705
31 -0.0580481
32 -0.0561841
33 -0.054436
34 -0.0527934
35 -0.0525261
36 -0.0510305
37 -0.0518907
38 -0.0504913
39 -0.0491653
40 -0.0479072
41 -0.0467119
42 -0.0455747
43 -0.0444916
44 -0.0434588
45 -0.0424728
46 -0.0415306
47 -0.0406292
48 -0.0397662
49 -0.038939
50 -0.0381456
51 -0.0373838
52 -0.0366519
53 -0.0359481
54 -0.0352708
55 -0.0346185
56 -0.0339899
57 -0.0333838
58 -0.0334711
59 -0.0328946
60 -0.0323376
61 -0.0317991
62 -0.0312783
63 -0.0307742
64 -0.0308718
65 -0.0303897
66 -0.0299224
67 -0.0294693
68 -0.0290297
69 -0.0291263
70 -0.0287043
71 -0.0282943
72 -0.0278959
73 -0.0275086
74 -0.0280579
75 -0.0276787
76 -0.0273096
77 -0.0269502
78 -0.0266001
79 -0.026259
80 -0.0259266
81 -0.0256024
82 -0.0252863
83 -0.0249778
84 -0.0246769
85 -0.024383
86 -0.0240961
87 -0.0238159
88 -0.0235421
89 -0.0232745
90 -0.0230129
91 -0.0227572
92 -0.0225071
93 -0.0222624
94 -0.022023
95 -0.0217886
96 -0.0215592
97 -0.0213346
98 -0.0211147
99 -0.0212266
100 -0.0210121
101 -0.0208019
102 -0.0205959
103 -0.0203939
104 -0.0201959
105 -0.0200016
106 -0.0201072
107 -0.0199174
108 -0.0197311
109 -0.0195484
110 -0.0193689
111 -0.0191928
112 -0.0190198
113 -0.0188499
114 -0.018683
115 -0.0185191
116 -0.018358
117 -0.0184595
118 -0.0183016
119 -0.0181464
120 -0.0179939
121 -0.0178438
122 -0.0176963
123 -0.0175512
124 -0.0174084
125 -0.0172679
126 -0.0171297
127 -0.0169937
128 -0.0168598
129 -0.0169565
130 -0.016825
131 -0.0166955
132 -0.016568
133 -0.0164424
134 -0.0163187
135 -0.0161968
136 -0.0160768
137 -0.0159585
138 -0.015842
139 -0.0157271
140 -0.0156139
141 -0.0155023
142 -0.0153923
143 -0.0152838
144 -0.0151769
145 -0.0150714
146 -0.0149674
147 -0.0148649
148 -0.0147637
149 -0.0146639
150 -0.0145654
151 -0.0144683
152 -0.0143724
153 -0.0142778
154 -0.0141844
155 -0.0140923
156 -0.0140013
157 -0.0139115
158 -0.0138229
159 -0.0137353
160 -0.0136489
161 -0.0135635
162 -0.0134793
