0 0.01
1 0.48
2 0.37
3 0.37
4 0.36
5 0.4
6 0.3
7 0.42
8 0.45
9 0.45
10 0.43
11 0.27
12 0.28
13 0.24
14 0.28
15 0.27
16 0.3
17 0.23
18 0.26
19 0.24
20 0.28
21 0.26
22 0.26
23 0.25
24 0.26
25 0.26
26 0.24
27 0.27
28 0.28
29 0.26
30 0.24
31 0.24
32 0.26
33 0.26
34 0.28
35 0.22
36 0.25
37 0.26
38 0.26
39 0.26
40 0.26
41 0.23
42 0.25
43 0.23
44 0.23
45 0.21
46 0.23
47 0.23
48 0.22
49 0.23
50 0.22
51 0.24
52 0.23
53 0.23
54 0.23
55 0.23
56 0.23
57 0.23
58 0.22
59 0.22
60 0.24
61 0.23
62 0.23
63 0.25
64 0.23
65 0.24
66 0.26
67 0.23
68 0.23
69 0.26
70 0.25
71 0.25
72 0.24
73 0.26
74 0.25
75 0.26
76 0.25
77 0.24
78 0.24
79 0.24
80 0.26
81 0.25
82 0.25
83 0.26
84 0.28
85 0.24
86 0.24
87 0.26
88 0.27
89 0.26
90 0.26
91 0.26
92 0.26
93 0.26
94 0.25
95 0.25
96 0.25
97 0.25
98 0.25
99 0.23
100 0.26
101 0.26
102 0.26
103 0.25
104 0.25
105 0.25
106 0.25
107 0.25
108 0.26
109 0.26
110 0.26
111 0.26
112 0.26
113 0.26
114 0.27
115 0.26
116 0.26
117 0.26
118 0.26
119 0.27
120 0.24
121 0.27
122 0.26
123 0.26
124 0.26
125 0.28
126 0.26
127 0.26
128 0.28
129 0.29
130 0.27
131 0.29
132 0.29
133 0.27
134 0.27
135 0.29
136 0.29
137 0.3
138 0.31
139 0.29
140 0.29
141 0.27
142 0.29
143 0.29
144 0.29
145 0.29
146 0.29
147 0.29
148 0.29
149 0.29
150 0.29
151 0.29
152 0.28
153 0.28
154 0.29
155 0.29
156 0.3
157 0.3
158 0.29
159 0.28
160 0.29
161 0.29
