8 2 10 14 8 10 12 10 16 16 16 18 20 28 22 26 28 30 34 36 34 34 36 36 36 38 36 40 42 42 42 42 44 40 44 48 46 44 44 50 48 50 48 52 50 50 52 50 50 52 50 52 50 48 50 50 48 48 52 54 52 52 50 50 54 52 56 56 52 52 54 56 56 56 58 54 58 62 54 56 62 60 60 62 62 58 60 58 58 58 60 60 60 60 58 58 58 58 64 58 60 62 60 62 58 64 60 60 64 62 62 64 64 66 62 64 62 64 62 62 62 62 64 62 68 64 64 66 66 64 66 66 66 66 64 66 68 68 66 68 68 70 68 68 66 66 68 70 70 68 66 70 68 66 68 68 68 66 68 66 66 68 
-4 8 0 8 16 12 18 14 20 26 18 22 26 22 28 24 32 28 32 32 30 32 38 40 34 34 36 36 40 40 44 40 42 42 42 44 44 44 50 48 50 50 50 50 50 50 50 52 50 48 52 50 52 50 48 52 48 54 52 50 48 50 50 50 50 50 52 52 56 54 56 56 58 56 54 54 54 54 60 62 62 60 62 60 62 62 62 62 60 58 60 60 58 60 62 60 58 62 60 58 60 60 60 58 62 60 60 62 60 60 60 62 62 62 64 62 64 64 64 62 62 62 66 68 64 64 66 64 70 64 66 64 66 64 66 64 70 66 66 66 66 70 68 68 66 66 68 70 66 66 66 68 68 70 68 68 66 66 66 66 66 66 
-4 2 2 8 12 16 14 16 16 14 18 20 22 22 26 28 28 28 32 32 36 32 34 34 38 38 40 38 40 44 44 40 42 44 42 44 44 44 46 46 48 46 52 50 50 48 50 52 52 52 50 50 52 48 50 50 50 48 52 50 50 52 50 56 54 54 52 54 56 52 52 54 56 58 56 54 58 56 56 62 60 58 60 58 58 58 58 62 58 60 58 62 60 60 60 58 60 60 60 60 64 60 58 62 60 60 60 64 60 62 62 60 62 62 64 62 62 64 64 64 62 68 66 64 64 66 68 66 66 68 64 66 66 70 68 66 66 68 68 68 66 66 70 70 68 70 70 68 70 68 66 68 66 68 68 68 70 68 66 66 66 68 
-4 8 10 10 4 16 10 14 14 18 20 24 22 32 28 26 30 30 30 30 34 34 34 36 38 40 40 36 42 44 46 40 44 42 40 46 46 42 52 52 44 50 48 48 50 52 50 48 52 52 52 52 50 48 50 48 48 48 48 52 48 50 50 54 54 56 50 56 54 56 54 52 54 62 58 56 62 58 54 58 58 60 62 62 58 58 58 60 60 62 60 60 58 58 58 60 62 62 62 58 62 62 58 64 60 66 66 62 60 64 62 64 64 64 64 62 68 66 66 64 62 62 62 62 62 64 64 64 66 66 64 68 66 68 66 66 70 68 68 70 70 66 66 68 66 68 68 68 66 66 70 66 70 66 66 66 68 66 66 66 68 66 
2 2 8 12 10 10 10 12 14 18 22 20 20 22 26 32 26 34 32 34 34 32 34 36 36 42 34 36 38 38 42 44 42 40 42 44 46 44 42 42 44 52 52 52 52 50 50 50 48 48 48 48 50 52 48 50 50 52 52 50 52 50 50 54 52 50 52 54 56 54 54 56 58 52 58 54 54 54 56 56 56 58 58 62 62 62 62 60 58 58 62 62 62 62 58 58 58 58 60 58 60 60 60 58 64 60 60 62 62 60 62 66 62 62 62 62 62 62 62 62 62 64 64 64 62 64 64 64 64 64 64 64 68 64 68 68 68 66 68 66 66 68 68 68 68 68 68 66 66 66 68 66 70 66 70 70 66 66 66 66 70 70 
-2 -2 8 10 12 12 18 16 16 16 20 26 28 26 32 28 34 24 30 32 32 36 38 38 36 34 36 36 36 40 40 40 46 42 48 42 48 42 44 44 46 52 52 50 50 50 52 52 48 48 48 52 48 48 48 48 48 50 50 48 48 48 50 50 52 50 50 56 58 54 56 56 52 58 56 56 60 58 58 60 60 60 60 60 60 60 60 58 60 60 60 60 60 60 58 58 58 60 60 60 60 60 60 62 62 62 62 62 60 66 64 64 64 64 64 66 66 66 66 66 64 66 66 66 64 66 66 66 66 64 64 64 68 66 64 64 68 70 66 68 68 68 68 68 68 68 66 66 66 66 70 66 66 70 70 70 70 66 68 68 70 70 
2 0 8 -2 4 4 14 20 16 20 28 22 24 24 24 24 28 32 30 30 34 34 30 36 36 34 36 42 42 40 42 42 42 42 42 48 52 52 52 52 52 46 46 50 50 50 50 50 50 50 50 48 50 50 50 50 50 50 50 48 48 52 50 52 52 54 54 52 54 54 58 58 56 54 58 58 58 58 58 54 54 54 54 54 54 54 54 54 62 58 58 58 58 58 58 58 58 60 60 60 60 60 62 62 62 62 62 62 62 62 60 60 60 60 60 66 66 66 66 66 66 62 62 62 68 68 68 68 68 68 68 68 68 68 68 68 66 66 66 68 68 68 68 68 68 68 70 68 68 68 68 68 66 66 66 66 66 66 66 66 66 66 
4 -2 8 10 12 12 14 20 26 20 20 22 22 28 28 32 32 30 32 32 32 30 30 34 34 38 44 42 42 42 42 42 42 40 40 44 44 44 44 44 44 48 48 48 48 48 48 48 48 48 48 48 48 48 48 48 48 48 48 48 48 48 48 48 48 52 52 52 52 52 56 56 56 58 58 58 58 58 58 56 56 56 56 56 56 56 56 56 58 58 58 58 58 58 58 58 58 58 58 58 58 58 60 60 60 60 60 60 60 60 60 60 60 60 60 60 60 60 60 60 60 64 64 64 64 64 64 64 64 64 64 64 64 64 66 70 66 66 66 66 66 66 66 66 66 66 68 68 68 68 68 68 68 68 68 68 68 68 68 68 68 68 
6 4 4 6 6 6 6 14 14 20 20 20 20 26 26 26 26 26 26 26 28 28 28 28 28 28 28 28 28 44 44 44 44 44 44 44 44 44 44 44 44 50 50 50 50 50 50 50 50 50 50 50 50 50 50 50 50 50 50 50 50 50 50 50 50 54 54 54 54 54 56 56 52 52 52 52 52 52 52 62 62 62 62 62 62 62 62 62 62 62 62 62 62 62 62 62 62 62 62 62 62 62 62 62 62 62 62 62 62 62 62 62 62 62 62 62 62 62 62 62 62 62 62 62 62 62 62 62 62 62 62 62 62 62 62 62 62 62 62 62 62 62 62 62 62 62 62 62 62 62 62 62 62 62 62 62 62 62 62 62 62 62 
4 4 4 8 8 8 8 18 18 18 18 16 16 16 16 16 16 16 16 16 16 16 16 16 16 16 16 16 16 16 16 16 16 16 16 16 16 16 16 16 16 16 16 16 16 16 16 16 16 16 16 16 16 16 16 16 16 16 16 16 16 16 16 16 16 16 16 16 16 16 16 16 16 16 16 16 16 16 16 16 16 16 16 16 16 16 16 16 16 16 16 16 16 16 16 16 16 16 16 16 16 16 16 16 16 16 16 16 16 16 16 16 16 16 16 16 16 16 16 16 16 16 16 16 16 16 16 16 16 16 16 16 16 16 16 16 16 16 16 16 16 16 16 16 16 16 16 16 16 16 16 16 16 16 16 16 16 16 16 16 16 16 
