0 -0.08
1 -0.08
2 -0.1
3 -0.14
4 -0.16
5 -0.16
6 -0.18
7 -0.2
8 -0.26
9 -0.26
10 -0.28
11 -0.26
12 -0.28
13 -0.32
14 -0.32
15 -0.32
16 -0.34
17 -0.34
18 -0.34
19 -0.36
20 -0.36
21 -0.36
22 -0.38
23 -0.4
24 -0.38
25 -0.42
26 -0.44
27 -0.42
28 -0.42
29 -0.44
30 -0.46
31 -0.44
32 -0.46
33 -0.44
34 -0.48
35 -0.48
36 -0.52
37 -0.52
38 -0.52
39 -0.52
40 -0.52
41 -0.52
42 -0.52
43 -0.52
44 -0.52
45 -0.52
46 -0.52
47 -0.52
48 -0.52
49 -0.52
50 -0.52
51 -0.52
52 -0.52
53 -0.52
54 -0.5
55 -0.52
56 -0.5
57 -0.54
58 -0.52
59 -0.54
60 -0.52
61 -0.52
62 -0.5
63 -0.56
64 -0.54
65 -0.56
66 -0.56
67 -0.56
68 -0.58
69 -0.56
70 -0.58
71 -0.58
72 -0.58
73 -0.62
74 -0.58
75 -0.58
76 -0.62
77 -0.62
78 -0.6
79 -0.62
80 -0.62
81 -0.62
82 -0.62
83 -0.62
84 -0.62
85 -0.62
86 -0.62
87 -0.62
88 -0.62
89 -0.62
90 -0.62
91 -0.62
92 -0.62
93 -0.62
94 -0.62
95 -0.62
96 -0.62
97 -0.62
98 -0.64
99 -0.62
100 -0.64
101 -0.62
102 -0.62
103 -0.64
104 -0.64
105 -0.66
106 -0.66
107 -0.64
108 -0.64
109 -0.66
110 -0.64
111 -0.66
112 -0.64
113 -0.66
114 -0.64
115 -0.66
116 -0.68
117 -0.66
118 -0.66
119 -0.66
120 -0.66
121 -0.68
122 -0.66
123 -0.68
124 -0.68
125 -0.68
126 -0.68
127 -0.68
128 -0.7
129 -0.68
130 -0.68
131 -0.68
132 -0.68
133 -0.7
134 -0.68
135 -0.7
136 -0.7
137 -0.7
138 -0.68
139 -0.7
140 -0.7
141 -0.7
142 -0.7
143 -0.7
144 -0.68
145 -0.7
146 -0.7
147 -0.7
148 -0.7
149 -0.68
150 -0.7
151 -0.7
152 -0.7
153 -0.7
154 -0.7
155 -0.7
156 -0.7
157 -0.68
158 -0.68
159 -0.68
160 -0.7
161 -0.7
