34 35 35 33 33 32 33 32 34 35 
35 33 32 34 33 33 33 33 33 32 
33 33 33 33 33 33 33 33 31 32 
32 35 32 35 36 35 35 33 31 33 
33 36 35 33 36 33 32 32 33 34 
35 33 32 34 36 33 32 34 36 32 
35 33 32 34 36 33 32 36 36 31 
32 36 35 36 32 31 32 32 36 31 
31 36 32 31 30 30 32 32 31 36 
32 31 33 36 36 33 32 32 36 31 
33 33 30 34 30 33 31 33 32 33 
30 33 30 34 30 31 31 31 34 30 
29 32 34 31 34 32 33 33 33 30 
29 32 30 33 30 33 30 32 33 32 
33 33 33 32 33 33 32 33 33 32 
32 32 34 33 32 33 32 33 33 33 
33 33 32 33 32 33 33 33 33 32 
33 33 32 33 32 33 33 33 33 33 
34 33 33 32 32 34 32 33 33 33 
32 32 32 32 32 32 32 33 33 32 
32 33 32 32 32 32 32 32 32 32 
31 33 32 31 31 32 32 33 32 32 
31 32 32 32 32 32 33 32 32 32 
33 33 33 32 32 33 33 32 32 32 
32 32 33 32 32 33 31 32 32 32 
32 32 33 32 31 33 33 32 31 33 
33 32 31 32 32 31 32 32 31 33 
32 32 32 32 32 32 32 32 32 32 
33 33 32 32 32 32 32 33 32 33 
33 33 32 32 32 32 32 32 32 33 
32 32 32 32 32 32 32 31 32 31 
32 31 32 32 32 32 32 31 32 32 
32 31 32 32 32 32 31 31 32 32 
32 32 32 31 32 32 31 31 32 32 
32 32 32 31 32 32 32 31 32 31 
32 32 32 31 31 33 31 32 32 31 
30 31 31 31 32 32 32 31 32 31 
31 31 32 31 30 32 32 31 32 32 
31 31 32 31 30 32 31 30 32 33 
31 32 30 32 31 33 31 30 32 33 
31 32 30 32 31 33 31 31 31 32 
31 31 31 30 31 31 31 31 31 32 
30 31 31 31 30 31 30 30 31 30 
30 31 31 31 30 31 31 30 31 30 
30 31 30 31 31 30 31 30 31 30 
31 31 30 31 31 30 31 30 31 30 
31 31 31 31 30 31 31 30 31 30 
31 31 30 31 30 31 31 30 31 31 
31 31 30 30 31 30 31 30 31 31 
30 30 30 31 30 30 31 30 31 30 
30 30 30 31 30 30 30 30 31 30 
30 31 30 31 30 30 30 30 31 30 
30 31 30 30 31 31 30 30 30 30 
30 31 31 30 31 31 30 30 30 31 
30 30 31 30 31 31 31 31 31 31 
30 30 30 31 31 31 30 31 31 31 
30 31 30 31 31 31 30 31 30 31 
30 31 31 31 31 31 30 31 30 31 
30 31 31 31 30 30 31 31 31 31 
30 30 31 31 30 30 31 31 31 31 
30 30 31 30 31 31 31 31 31 31 
30 31 30 31 30 31 31 31 31 31 
31 31 30 31 30 30 30 30 30 31 
31 31 30 31 31 32 30 31 30 30 
30 30 30 30 30 32 30 31 30 30 
30 31 30 30 30 32 30 30 30 30 
30 30 30 30 29 30 30 31 30 30 
30 30 30 30 30 30 30 30 30 30 
30 30 30 30 30 30 30 30 30 31 
30 30 30 30 30 30 30 30 30 30 
30 30 30 30 30 30 31 30 30 30 
30 30 30 30 30 30 30 30 30 30 
30 30 30 30 30 30 30 30 30 31 
30 30 30 30 30 30 30 31 30 31 
29 30 30 30 30 30 29 31 30 31 
29 30 30 30 30 29 30 30 30 31 
29 30 30 30 30 29 30 30 30 30 
29 30 30 30 30 29 30 30 30 30 
30 30 30 30 29 29 30 30 30 30 
29 29 30 30 29 29 30 29 30 30 
29 29 29 29 29 30 30 30 30 29 
29 29 30 29 30 30 30 30 30 29 
29 29 30 29 30 29 30 29 30 30 
30 30 30 29 30 29 30 29 30 30 
30 30 30 29 28 30 29 29 29 30 
29 30 29 29 28 30 29 29 29 29 
29 30 29 30 29 30 29 29 29 29 
29 30 29 30 29 28 29 29 28 29 
29 30 28 29 29 28 29 29 28 29 
30 28 29 29 29 29 30 29 29 29 
29 28 29 30 30 30 30 30 30 30 
29 29 30 30 30 30 28 30 30 30 
29 29 30 30 30 30 28 30 30 30 
30 30 29 29 30 30 28 30 30 30 
30 30 29 29 30 29 30 30 30 30 
28 30 29 29 30 29 30 30 28 29 
28 30 29 29 30 28 29 30 28 29 
29 30 29 29 30 28 29 29 29 30 
29 29 29 28 29 29 30 29 30 30 
29 29 29 28 29 29 30 29 30 29 
29 29 29 28 29 30 29 30 29 29 
30 29 30 30 29 30 29 30 29 30 
30 29 30 30 28 29 30 30 29 30 
30 29 29 28 29 30 30 30 29 29 
29 29 29 28 29 30 29 29 29 28 
29 29 29 29 29 30 28 29 29 28 
29 29 29 28 29 29 28 28 29 29 
29 29 29 28 29 29 29 29 29 29 
30 29 28 29 29 29 29 29 29 28 
30 29 28 29 28 28 29 29 29 29 
28 28 30 28 29 30 29 29 29 29 
28 28 29 28 29 30 29 29 29 30 
28 28 29 28 29 29 28 30 29 30 
30 29 30 30 30 29 28 30 29 30 
30 29 30 30 30 29 30 30 30 30 
30 30 30 30 30 29 30 30 30 30 
30 30 29 29 30 29 30 30 30 30 
29 30 30 29 30 29 30 30 30 30 
29 30 30 29 30 30 30 30 30 30 
29 29 30 29 30 30 30 30 30 30 
29 29 30 30 30 29 30 30 30 30 
30 30 30 30 30 29 30 30 30 29 
30 30 30 30 30 30 30 30 29 30 
30 30 30 30 30 30 30 30 29 30 
30 30 30 30 30 30 30 29 28 28 
30 30 29 30 30 29 30 30 28 28 
30 29 30 30 30 29 30 30 30 30 
30 29 30 30 30 30 30 30 30 30 
30 29 30 30 30 30 30 29 30 30 
30 30 30 29 30 30 30 29 30 30 
30 30 30 29 30 30 30 30 30 30 
30 30 30 29 30 30 30 30 30 30 
30 29 30 29 30 30 30 30 30 30 
30 29 30 31 29 30 30 30 30 30 
31 31 29 30 29 30 30 30 30 30 
30 31 29 30 31 31 30 30 31 30 
30 31 31 30 31 30 30 29 31 31 
31 30 31 31 31 31 31 31 31 31 
31 31 32 31 31 31 31 31 30 31 
30 31 32 31 31 31 31 32 32 30 
30 31 32 31 31 30 30 30 32 30 
30 30 32 31 31 30 30 30 31 30 
30 30 30 30 31 30 30 30 31 30 
31 30 30 30 31 30 30 30 31 30 
31 29 31 30 30 31 30 30 31 30 
31 29 31 30 30 31 31 30 31 30 
31 30 31 30 30 31 31 30 31 30 
30 29 31 30 30 31 30 29 30 30 
30 29 31 30 31 29 30 31 29 30 
31 31 30 30 31 29 30 31 29 30 
31 31 30 30 31 31 30 31 30 30 
31 30 30 31 30 31 30 31 30 30 
30 30 30 31 30 30 30 30 31 30 
30 31 31 30 30 30 30 30 31 30 
30 30 31 30 30 30 30 30 30 30 
30 30 31 30 30 31 30 30 30 30 
30 30 31 30 30 31 30 30 30 30 
31 31 30 30 30 31 30 30 30 30 
30 31 30 30 30 31 30 30 31 30 
30 30 30 30 31 30 30 30 31 30 
30 30 30 30 31 30 30 30 30 31 
30 31 30 31 30 31 30 30 30 31 
30 31 30 31 30 31 31 31 30 30 
