0 0
1 -1
2 0
3 -1
4 0
5 0
6 1
7 1
8 2
9 3
10 3
11 4
12 3
13 4
14 4
15 5
16 5
17 5
18 4
19 5
20 6
21 6
22 7
23 7
24 7
25 8
26 8
27 7
28 8
29 7
30 8
31 9
32 9
33 8
34 9
35 9
36 9
37 9
38 9
39 10
40 9
41 10
42 10
43 10
44 11
45 11
46 11
47 12
48 12
49 12
50 12
51 12
52 12
53 12
54 13
55 12
56 12
57 13
58 13
59 13
60 13
61 13
62 13
63 13
64 13
65 13
66 13
67 13
68 13
69 13
70 13
71 13
72 13
73 13
74 13
75 12
76 12
77 13
78 13
79 12
80 13
81 13
82 13
83 13
84 13
85 14
86 13
87 14
88 14
89 14
90 13
91 14
92 14
93 14
94 14
95 14
96 14
97 14
98 14
99 14
100 14
101 14
102 14
103 14
104 14
105 14
106 14
107 14
108 14
109 14
110 14
111 14
112 14
113 15
114 15
115 14
116 15
117 15
118 14
119 15
120 15
121 15
122 15
123 14
124 15
125 15
126 15
127 15
128 15
129 15
130 15
131 15
132 16
133 15
134 15
135 15
136 16
137 16
138 16
139 15
140 16
141 15
142 15
143 16
144 16
145 16
146 16
147 16
148 17
149 17
150 17
151 17
152 17
153 17
154 18
155 18
156 18
