0 1.2
1 1.24
2 1.22
3 1.24
4 1.24
5 1.26
6 1.26
7 1.28
8 1.3
9 1.3
10 1.32
11 1.28
12 1.32
13 1.32
14 1.34
15 1.34
16 1.34
17 1.32
18 1.34
19 1.36
20 1.36
21 1.38
22 1.38
23 1.38
24 1.4
25 1.4
26 1.38
27 1.44
28 1.42
29 1.44
30 1.46
31 1.46
32 1.44
33 1.48
34 1.48
35 1.48
36 1.48
37 1.48
38 1.52
39 1.5
40 1.52
41 1.52
42 1.52
43 1.54
44 1.54
45 1.54
46 1.58
47 1.58
48 1.58
49 1.58
50 1.58
51 1.58
52 1.58
53 1.62
54 1.6
55 1.6
56 1.62
57 1.62
58 1.62
59 1.62
60 1.62
61 1.62
62 1.62
63 1.62
64 1.62
65 1.62
66 1.62
67 1.62
68 1.62
69 1.62
70 1.62
71 1.62
72 1.62
73 1.62
74 1.6
75 1.6
76 1.62
77 1.62
78 1.6
79 1.62
80 1.62
81 1.62
82 1.62
83 1.62
84 1.64
85 1.62
86 1.64
87 1.64
88 1.64
89 1.62
90 1.64
91 1.64
92 1.64
93 1.64
94 1.64
95 1.64
96 1.64
97 1.64
98 1.64
99 1.64
100 1.64
101 1.64
102 1.64
103 1.64
104 1.64
105 1.64
106 1.64
107 1.64
108 1.64
109 1.64
110 1.64
111 1.64
112 1.66
113 1.66
114 1.64
115 1.66
116 1.66
117 1.64
118 1.66
119 1.66
120 1.66
121 1.66
122 1.64
123 1.66
124 1.66
125 1.66
126 1.66
127 1.66
128 1.66
129 1.66
130 1.66
131 1.68
132 1.66
133 1.66
134 1.66
135 1.68
136 1.68
137 1.68
138 1.66
139 1.68
140 1.66
141 1.66
142 1.68
143 1.68
144 1.68
145 1.68
146 1.68
147 1.7
148 1.7
149 1.7
150 1.7
151 1.7
152 1.7
153 1.74
154 1.74
155 1.74
