0 106
1 122
2 88
3 108
4 110
5 94
6 94
7 96
8 100
9 98
10 94
11 92
12 96
13 94
14 86
15 96
16 104
17 96
18 120
19 100
20 124
21 118
22 98
23 96
24 104
25 102
26 120
27 106
28 120
29 118
30 108
31 122
32 120
33 120
34 122
35 118
36 112
37 118
38 122
39 118
40 118
41 118
42 118
43 124
44 122
45 124
46 122
47 124
48 124
49 124
50 118
51 124
52 120
53 124
54 124
55 122
56 126
57 124
58 124
59 124
60 122
61 124
62 122
63 122
64 122
65 126
66 124
67 124
68 124
69 124
70 126
71 124
72 124
73 124
74 124
75 122
76 128
77 124
78 124
79 122
80 128
81 124
82 126
83 120
84 126
85 124
86 130
87 128
88 126
89 122
90 128
91 126
92 130
93 124
94 124
95 128
96 126
97 132
98 126
99 126
100 128
101 122
102 126
103 126
104 126
105 128
106 124
107 126
108 126
109 126
110 132
111 130
112 130
113 128
114 130
115 128
116 126
117 128
118 132
119 128
120 128
121 124
122 128
123 130
124 130
125 130
126 126
127 132
128 134
129 128
130 128
131 130
132 132
133 132
134 132
135 130
136 134
137 130
138 132
139 128
140 130
141 130
142 130
143 132
144 132
145 132
146 132
147 132
148 128
149 132
150 130
151 132
152 132
153 134
154 134
155 128
156 132
157 132
158 132
159 128
160 132
161 136
162 132
163 132
164 130
165 134
166 130
167 136
168 134
169 132
170 132
171 136
172 134
173 134
174 132
175 134
176 134
177 134
178 134
179 138
180 136
181 132
182 136
183 138
184 134
185 138
186 132
187 130
188 134
189 130
190 134
191 132
192 138
193 136
194 136
195 132
196 138
197 136
198 138
199 138
200 138
201 138
202 132
203 140
204 134
205 136
206 138
207 140
208 138
209 136
210 136
211 138
212 138
213 138
214 136
215 138
216 136
217 136
218 138
219 138
220 138
221 142
222 140
223 138
224 140
225 138
226 138
227 144
228 142
229 140
230 138
231 138
232 136
233 140
234 138
235 140
236 138
237 136
238 140
239 140
240 144
241 140
242 142
243 144
244 138
245 140
246 146
247 140
248 142
249 144
250 146
251 142
252 146
253 142
254 142
255 142
256 140
257 142
258 144
259 140
260 142
261 144
262 148
263 140
264 148
265 148
266 146
267 148
268 144
269 146
270 142
271 142
272 144
273 146
274 144
275 146
276 148
277 144
278 144
279 148
280 142
281 148
282 146
283 146
284 148
285 144
286 144
287 144
288 146
289 146
290 146
291 146
292 148
293 144
294 146
295 150
296 148
297 148
298 146
299 152
300 150
301 148
302 146
303 150
304 146
305 148
306 146
307 148
308 148
309 152
310 144
311 144
312 152
313 150
314 150
315 148
316 146
317 146
318 148
319 146
320 150
321 152
322 146
323 150
324 150
325 150
326 148
327 152
328 154
329 148
330 148
331 150
332 152
333 148
334 150
335 150
336 150
337 152
338 154
339 150
340 154
341 148
342 150
343 150
344 154
345 152
346 152
347 148
348 152
349 150
350 148
351 152
352 154
353 150
354 154
355 148
356 154
357 152
358 154
359 158
360 154
361 150
362 158
363 154
364 156
365 150
366 152
367 154
368 156
369 154
370 150
371 154
372 158
373 150
374 154
375 154
376 152
377 150
378 156
379 158
380 154
381 150
382 156
383 156
384 156
385 156
386 158
387 154
388 158
389 156
390 154
391 154
392 158
393 156
394 154
395 154
396 156
397 158
398 158
399 154
400 156
401 154
402 154
403 154
404 162
405 158
406 154
407 154
408 158
409 156
410 154
411 154
412 156
413 160
414 154
415 156
416 154
417 158
418 158
419 160
420 158
421 156
422 154
423 156
424 156
425 158
426 158
427 158
428 158
429 162
430 156
431 158
432 156
433 158
434 154
435 160
436 160
437 156
438 156
439 158
440 156
441 158
442 156
443 162
444 162
445 156
446 158
447 160
448 156
449 160
450 160
451 158
452 162
453 158
454 160
455 160
456 160
457 162
458 158
459 158
460 158
461 162
462 158
463 160
464 160
465 162
466 158
467 160
468 162
469 158
470 158
471 158
472 162
473 162
474 158
475 160
476 162
477 162
478 160
479 162
480 162
481 158
482 158
483 158
484 160
485 160
486 160
487 162
488 158
489 158
490 158
491 160
492 158
493 158
494 162
495 158
496 160
497 162
498 158
499 162
500 162
501 162
502 162
503 160
504 160
505 162
506 160
507 162
508 160
509 158
510 162
511 160
512 158
513 158
514 158
515 162
516 160
517 158
518 160
519 158
520 160
521 158
522 162
523 158
524 160
525 160
526 160
527 160
528 158
529 158
530 158
531 158
532 160
533 160
534 158
535 160
536 158
537 158
538 162
539 162
540 158
541 160
542 158
543 162
544 162
545 160
546 160
547 158
548 160
549 160
550 160
551 158
552 158
553 158
554 158
555 158
556 162
557 162
558 162
559 158
560 160
561 158
562 162
563 162
564 158
565 158
566 162
567 158
568 158
569 158
570 162
571 160
572 162
573 162
574 158
575 158
576 160
577 160
578 158
579 158
580 162
581 158
582 164
583 158
584 158
585 158
586 158
587 158
588 158
589 158
590 160
591 162
592 160
593 162
594 160
595 158
596 160
597 164
598 162
599 160
600 164
601 160
602 158
603 160
604 160
605 162
606 160
607 162
608 160
609 162
610 164
611 160
612 160
613 162
614 160
615 162
616 160
617 160
618 164
619 160
620 162
621 164
622 160
623 162
624 160
625 164
626 160
627 160
628 164
629 164
630 162
631 160
632 160
633 160
634 164
635 162
636 160
637 162
638 164
639 162
640 164
641 160
642 164
643 164
644 160
645 160
646 160
647 160
648 160
649 164
650 164
651 162
652 160
653 164
654 160
655 160
656 162
657 164
658 164
659 164
660 162
661 164
662 160
663 164
664 164
665 164
666 164
667 162
668 164
669 162
670 164
671 164
672 164
673 164
674 160
675 164
676 164
677 164
678 164
679 164
680 160
681 162
682 164
683 164
684 164
685 164
686 162
687 160
688 164
689 162
690 162
691 160
692 162
693 160
694 160
695 162
696 164
697 160
698 164
699 162
700 160
701 162
702 160
703 160
704 164
705 160
706 160
707 160
708 160
709 164
710 164
711 162
712 160
713 160
714 160
715 164
716 162
717 160
718 162
719 162
720 162
721 162
722 162
723 162
724 162
725 162
726 160
727 162
728 164
729 160
730 164
731 164
732 160
733 162
734 160
735 160
736 160
737 160
738 160
739 164
740 164
741 160
742 160
743 162
744 162
745 162
746 164
747 160
748 164
749 162
750 164
751 164
752 164
753 166
754 160
755 164
756 160
757 164
758 164
759 162
760 166
761 164
762 160
763 164
764 162
765 162
766 164
767 162
768 162
769 164
770 164
771 162
772 162
773 166
774 160
775 162
776 166
777 160
778 164
779 160
780 164
781 160
782 162
783 164
784 160
785 160
786 160
787 162
788 164
789 162
790 162
791 162
792 162
793 162
794 160
795 164
796 162
797 164
798 164
799 166
800 162
801 164
802 164
803 160
804 162
805 164
806 162
807 164
808 164
809 164
810 166
811 164
812 164
813 164
814 162
815 162
816 162
817 162
818 164
819 164
820 164
821 162
822 164
823 162
824 162
825 164
826 162
827 162
828 166
829 166
830 162
831 164
832 164
833 162
834 166
835 162
836 164
837 166
838 164
839 162
840 162
841 166
842 162
843 162
844 162
845 162
846 162
847 162
848 166
849 164
850 164
851 166
852 164
853 164
854 162
855 166
856 164
857 162
858 162
859 162
860 166
861 164
862 162
863 166
864 164
865 164
866 168
867 162
868 166
869 162
870 164
871 162
872 166
873 166
874 166
875 164
876 162
877 162
878 164
879 164
880 166
881 164
882 166
883 166
884 164
885 166
886 162
887 164
888 164
889 164
890 164
891 168
892 164
893 164
894 164
895 168
896 164
897 164
898 164
899 162
900 166
901 168
902 168
903 164
904 164
905 166
906 164
907 166
908 164
909 166
910 166
911 168
912 164
913 164
914 164
915 164
916 164
917 164
918 166
919 164
920 168
921 164
922 166
923 164
924 166
925 164
926 166
927 164
928 164
929 166
930 168
931 164
932 164
933 164
934 164
935 166
936 168
937 164
938 166
939 164
940 164
941 168
942 166
943 164
944 164
945 164
946 164
947 168
948 166
949 164
950 164
951 166
952 164
953 166
954 164
955 164
956 168
957 170
958 168
959 166
960 170
961 164
962 166
963 164
964 166
965 170
966 164
967 164
968 170
969 164
970 166
971 164
972 168
973 166
974 164
975 166
976 170
977 166
978 170
979 170
980 168
981 170
982 166
983 166
984 170
985 168
986 166
987 170
988 166
989 170
990 168
991 170
992 174
993 170
994 174
995 166
996 168
997 174
998 170
999 174
