0 -0.0163934
1 0.0333333
2 -0.016129
3 0.0163934
4 0
5 0.016129
6 0
7 0.015873
8 0.015625
9 0
10 0.0153846
11 -0.030303
12 0.03125
13 0
14 0.0151515
15 0
16 0
17 -0.0149254
18 0.0151515
19 0.0149254
20 0
21 0.0147059
22 0
23 0
24 0.0144928
25 0
26 -0.0142857
27 0.0434783
28 -0.0138889
29 0.0140845
30 0.0138889
31 0
32 -0.0136986
33 0.0277778
34 0
35 0
36 0
37 0
38 0.027027
39 -0.0131579
40 0.0133333
41 0
42 0
43 0.0131579
44 0
45 0
46 0.025974
47 0
48 0
49 0
50 0
51 0
52 0
53 0.0253165
54 -0.0123457
55 0
56 0.0125
57 0
58 0
59 0
60 0
61 0
62 0
63 0
64 0
65 0
66 0
67 0
68 0
69 0
70 0
71 0
72 0
73 0
74 -0.0123457
75 0
76 0.0125
77 0
78 -0.0123457
79 0.0125
80 0
81 0
82 0
83 0
84 0.0123457
85 -0.0121951
86 0.0123457
87 0
88 0
89 -0.0121951
90 0.0123457
91 0
92 0
93 0
94 0
95 0
96 0
97 0
98 0
99 0
100 0
101 0
102 0
103 0
104 0
105 0
106 0
107 0
108 0
109 0
110 0
111 0
112 0.0121951
113 0
114 -0.0120482
115 0.0121951
116 0
117 -0.0120482
118 0.0121951
119 0
120 0
121 0
122 -0.0120482
123 0.0121951
124 0
125 0
126 0
127 0
128 0
129 0
130 0
131 0.0120482
132 -0.0119048
133 0
134 0
135 0.0120482
136 0
137 0
138 -0.0119048
139 0.0120482
140 -0.0119048
141 0
142 0.0120482
143 0
144 0
145 0
146 0
147 0.0119048
148 0
149 0
150 0
151 0
152 0
153 0.0235294
154 0
155 0
