0 0.909091
1 1.2
2 0.916667
3 1.09091
4 1
5 1.08333
6 1
7 1.07692
8 1.07143
9 1
10 1.06667
11 0.875
12 1.14286
13 1
14 1.0625
15 1
16 1
17 0.941176
18 1.0625
19 1.05882
20 1
21 1.05556
22 1
23 1
24 1.05263
25 1
26 0.95
27 1.15789
28 0.954545
29 1.04762
30 1.04545
31 1
32 0.956522
33 1.09091
34 1
35 1
36 1
37 1
38 1.08333
39 0.961538
40 1.04
41 1
42 1
43 1.03846
44 1
45 1
46 1.07407
47 1
48 1
49 1
50 1
51 1
52 1
53 1.06897
54 0.967742
55 1
56 1.03333
57 1
58 1
59 1
60 1
61 1
62 1
63 1
64 1
65 1
66 1
67 1
68 1
69 1
70 1
71 1
72 1
73 1
74 0.967742
75 1
76 1.03333
77 1
78 0.967742
79 1.03333
80 1
81 1
82 1
83 1
84 1.03226
85 0.96875
86 1.03226
87 1
88 1
89 0.96875
90 1.03226
91 1
92 1
93 1
94 1
95 1
96 1
97 1
98 1
99 1
100 1
101 1
102 1
103 1
104 1
105 1
106 1
107 1
108 1
109 1
110 1
111 1
112 1.03125
113 1
114 0.969697
115 1.03125
116 1
117 0.969697
118 1.03125
119 1
120 1
121 1
122 0.969697
123 1.03125
124 1
125 1
126 1
127 1
128 1
129 1
130 1
131 1.0303
132 0.970588
133 1
134 1
135 1.0303
136 1
137 1
138 0.970588
139 1.0303
140 0.970588
141 1
142 1.0303
143 1
144 1
145 1
146 1
147 1.02941
148 1
149 1
150 1
151 1
152 1
153 1.05714
154 1
155 1
