-0.5 3 0.222222 0 0 -1 1 2 -0.5 -1 -1 -0 0 -0.5 -0 0 -0.666667 -0.5 0 0 -1 -2 -0.5 -2 0.5 -1 -0 0 -1.5 -1 -0.333333 -1 0 0 -1 -0.333333 0 0 -0.333333 -0 0 -2 -1.5 -0.333333 -0 0 -1 -1.5 -0.666667 -1 -0.5 -1 -1 -0 0 -1 -0.333333 2 -0.5 -1 0 0 -2 -1 0 0 1 -0 0 0 0 -0.5 -1 -0 0 0 0 -0.5 1 -0 0 0 -1 -1 -1 -0.5 2 -1 -0 0 0 -1 -0 0 -1 -2 0 0 -1 0 0 -1 -2 -0 0 1 -1 1 -0 0 0 0 0 -0 0 -1 1 -1 0 0 0 0 -1 -1 -2 0 0 -1 -0.5 1 -1 0 0 0 0 0 0 -1 -1 -1 -0 0 0 0 0 -1 -0 0 -1 -2 -0.5 -2 -1 -1 1 
-1.06667 -0.5 -0.625 0.6 0 0 -1 0 0 -2 0 0 0 1 0 0 0 0 0 -0.5 2 1 -2 -1 0 0 -3 -0.333333 -0 0 -0.5 -0 0 1 -2 -1.5 -0.333333 -1 -1 -1 1 0 0 -1 -0 0 0 -0.5 1 -1.5 0.333333 0 0 -0 0 -0.5 -1 1 -2 -0.5 2 -1 -0 0 0 -0.5 1 -2 0 0 -1 -2 -1 -1 -0.5 1 0 0 1 -1 1 -1 1 -0 0 0 0 1 0 0 -2 -0 0 0 -1 -0.5 1 0 0 0 0 1 -1 -1 -0 0 0 0 0 0 -0 0 0 0 -0 0 -1.5 -0 0 -0.5 -2 -0.5 1 -1 -1 -0 0 -0.5 1 -2 -0.5 1 -0 0 0 0 0 -1 -0.5 -1 -1 1 -2 -0 0 1 -1 -2 -1.5 -0.333333 2 -1 -1 1 0 
2.75 0.181818 -1 -1.5 0 0 -1 1 1 2 -1.5 -0 0 0 0 0 0 0 -1 -2 -0.5 -0 0 0 -0.5 -0 0 -0.5 -1 -1 -3 -0.666667 -2 0 0 0.5 -2 0.5 1 1 -2 -0.5 -1 -2 0.5 0 0 0 -1.5 0 0 0 2 -1.5 -0 0 0 0 0 0 0 -0.5 -1 -1 -1 -1 0 0 -2 0 0 -0 0 -0 0 0 -0.5 1 -0 0 0 0 -0.5 -2 -1.5 -0.333333 -1 -1 0 0 0 1 0 0 1 -0 0 0 0 -1 1 -2 -1 -0 0 0 0 1 -2 -0.5 1 -2 -1 0 0 1 -0 0 0 0 0 0 0 -1 0 0 -1 0 0 -1 2 -0.5 2 -1 -0.5 -2 0 0 -1 -2 -0 0 0 0 0 -1 -1 -0 0 -1 -0.333333 0 0 0 0 
-0.285714 5.5 -0.0909091 -3 -0.333333 -2 -0.5 2 -1.5 0 0 2 -1 -0.5 1 -2 -1 0.5 1 -1 -0 0 -1.5 -1 -0.333333 -1 0 0 0 -0.666667 -1.5 -0.666667 0.5 -2 0.5 1 -1 -0 0 0 -1 2 -0.5 -3 -0.333333 2 -2 -0.25 -2 0 0 -0 0 0.5 0 0 -0 0 -3 -0.666667 -0 0 1 0 0 -1 -1 -0.5 0 0 0 -0 0 0 0 0 -1 0 0 -2 -1 -1 -0.5 1 -1 2 -1 -0.5 0 0 0 -2 -0.5 -1 -2 -1 0 0 0 0 -0.5 0 0 -2 -1 -0.5 0 0 -0 0 0 0 -2 -0.5 2 -0.5 1 -0 0 -2 0 0 0 0 -2 -1 -0.5 -1 -0 0 0 0 0 0 -0 0 0 0 0 0 0 0 1 0 0 -0 0 0 -1 -0 0 0 0 0 -0 
-0.416667 2.4 -0.0833333 -0 0 -0.25 1 -2 1 -1 0.5 -3 -0.666667 -0 0 -0.333333 -1 -2 -1 0 0 -1 -3 -1 -1 0 0 -2 -1 1.5 -0.666667 -0.5 2 -0.5 1 -1 0 0 -0.666667 1 -0.5 1 1 0 0 1 -2 -2 -0.5 -0 0 0 -1 -0 0 0 -1 -1 -0.5 -2 -0.5 -2 0 0 0 -0 0 0 -0.5 -0 0 -1 0 0 0 0 0 -0 0 0 0 -0 0 0 0 0 0 -2 -1 -0 0 -0.5 1 -0 0 0 0 0 0 0 0 -0 0 0 0 0 -0 0 -2 -0.5 1 -2 -1 -0.5 1 -0 0 0 0 -0 0 -1 -0 0 0 -1 -0 0 0 0 0 0 0 0 0 -2 -0 0 0 0 0 0 -0 0 0 0 0 -1 -0.5 0 0 -0.5 -0 0 0 
4 2.25 0.111111 0 0 0 0 -1 -0 0 0 0 0 0 -0.5 -0 0 0 0 0 0 -1.33333 -0.75 0.666667 -0.5 -0 0 0 0 0 0 -1 -0 0 0 0 0 1 -2 -1.5 -0.666667 -0 0 0.5 -3 -0.666667 0 0 -0 0 0 0 -0 0 0 0 0 0 -1 1 0 0 -0 0 0 0 0 0 -0 0 0 0 0 0 0 0 -1 0 0 -2 -0 0 0 0 0 0 0 -1 -0 0 0 0 0 0 0 0 -1 0 0 -0 0 0 0 0 0 0 0 1 -2 -0 0 0 0 0 0 0 0 -1 0 0 0 -0 0 0 0 0 0 0 0 0 0 0 0 0 -0.5 -0 0 0 0 0 0 0 -1 -1 0 0 0 -1 0.5 -0 0 0 0 0 0 
-0.2 -8 0.25 0 0 0 0 0 -1 0.333333 -0 0 0 0.2 0 0 0 -0.666667 -0.5 -3 0 0 0 0 -2 0 0 0 0 0 0 0 0 0 0 0 0 -0 0 0 0 0 0 0 0 0.5 0 0 0 0 0 0 0 -2 -0 0 0 0 0 0 0 0 0 0 0 0 0 0 0 0 0 0 0 -0 0 0 0 0 0 0 0 0 0 0 -1 0 0 0 0 0 0 0 0 0 0 0 -1 0 0 -0 0 0 0 0 0 0 0 0 0 -0 0 0 0 0 0 0 -0.5 2 0 0 0 -0 0 0 0 -0 0 0 0 0 0 0 0 0 0 0 -0 0 0 0 0 0 0 0 0 0 0 0.5 0 0 0 0 0 0 0 
0 -0.333333 -1.5 0 0 0 0 0 0 0 0 0 0 0 0 0 0 0 0 0 -1 -0 0 0 0 0 0 -0.5 -0 0 0 0 0 0 0 0 0 0 0 0 0 0 0 0 0 0 0 0 -0 0 0 0 0 1 0 0 0 0 0 -0 0 0 0 0 0 0 0 0 0 0 0 0 0 -0 0 0 0 0 0 0 0 0 0 0 0 0 0 0 0 0 0 0 0 0 0 0 0 0 -1 0 0 0 0 0 0 0 0 0 0 0 0 0 0 0 0 0 -0 0 0 0 0 0 0 0 0 0 0 0 0 0 0 0 0 0 0 0 0 0 0 0 0 0 0 0 -0 0 0 0 0 0 0 0 0 0 0 
-0.7 -0.857143 0 0 0 1 -1 -0 0 0 0 0 0 0 0 0 0 0 0 0 0 0 0 0 0 0 0 0 0 0 0 0 0 0 0 0 0 0 0 0 0 0 0 0 0 -1.5 0 0 0 0 0 0 0 0 0 0 0 0 0 0 0 0 0 0 0 0 0 0 0 0 0 0 0 0 0 0 0 0 0 0 0 0 0 0 0 0 0 0 0 0 0 0 0 0 0 0 0 0 0 0 0 0 0 0 0 0 0 0 0 0 0 0 0 0 0 0 0 -0 0 0 0 0 0 0 0 0 0 0 0 0 0 0 0 0 0 0 0 0 0 0 0 0 0 0 0 0 0 0 0 0 0 0 0 0 0 
0 0 0 0 0 0 0 0 0 0 0 0 0 0 0 0 0 0 0 0 0 0 0 0 0 0 0 0 0 0 0 0 0 0 0 0 0 0 0 0 0 0 0 0 0 0 0 0 0 0 0 0 0 0 0 0 0 0 0 0 0 0 0 0 0 0 0 0 0 0 0 0 0 0 0 0 0 0 0 0 0 0 0 0 0 0 0 0 0 0 0 0 0 0 0 0 0 0 0 0 0 0 0 0 0 0 0 0 0 0 0 0 0 0 0 0 0 0 0 0 0 0 0 0 0 0 0 0 0 0 0 0 0 0 0 0 0 0 0 0 0 0 0 0 0 0 0 0 0 0 0 0 0 0 0 
