0 4.05578e-320
1 122
2 122
3 124
4 124
5 124
6 124
7 126
8 126
9 128
10 130
11 130
12 132
13 132
14 132
15 132
16 134
17 134
18 134
19 134
20 134
21 136
22 136
23 138
24 138
25 138
26 140
27 140
28 140
29 144
30 144
31 144
32 146
33 146
34 146
35 148
36 148
37 148
38 148
39 148
40 152
41 152
42 152
43 152
44 152
45 154
46 154
47 154
48 158
49 158
50 158
51 158
52 158
53 158
54 158
55 162
56 162
57 162
58 162
59 162
60 162
61 162
62 162
63 162
64 162
65 162
66 162
67 162
68 162
69 162
70 162
71 162
72 162
73 162
74 162
75 162
76 162
77 162
78 162
79 162
80 162
81 162
82 162
83 162
84 162
85 162
86 164
87 164
88 164
89 164
90 164
91 164
92 164
93 164
94 164
95 164
96 164
97 164
98 164
99 164
100 164
101 164
102 164
103 164
104 164
105 164
106 164
107 164
108 164
109 164
110 164
111 164
112 164
113 164
114 166
115 166
116 166
117 166
118 166
119 166
120 166
121 166
122 166
123 166
124 166
125 166
126 166
127 166
128 166
129 166
130 166
131 166
132 166
133 168
134 168
135 168
136 168
137 168
138 168
139 168
140 168
141 168
142 168
143 168
144 168
145 168
146 168
147 168
148 168
149 170
150 170
151 170
152 170
153 170
154 170
155 174
156 174
