0 0
1 -2.66667
2 -1
3 -0.587401
4 -0.414214
5 -0.319508
6 -0.276842
7 -0.233033
8 -0.212344
9 -0.195813
10 -0.174619
11 -0.164369
12 -0.149697
13 -0.137426
14 -0.127012
15 -0.122592
16 -0.114507
17 -0.107423
18 -0.101163
19 -0.0955919
20 -0.0937235
21 -0.0890676
22 -0.0875215
23 -0.0835615
24 -0.0799443
25 -0.0788383
26 -0.0756941
27 -0.072791
28 -0.0737511
29 -0.0711196
30 -0.0686694
31 -0.0679126
32 -0.0657221
33 -0.0636684
34 -0.063069
35 -0.061213
36 -0.0594631
37 -0.0578104
38 -0.0562471
39 -0.0569331
40 -0.055471
41 -0.0540821
42 -0.0527611
43 -0.051503
44 -0.0512048
45 -0.0500389
46 -0.0489249
47 -0.0494538
48 -0.048399
49 -0.0473882
50 -0.0464188
51 -0.0454882
52 -0.0445942
53 -0.0437347
54 -0.0441965
55 -0.0433757
56 -0.0425849
57 -0.0418224
58 -0.0410867
59 -0.0403765
60 -0.0396903
61 -0.0390271
62 -0.0383857
63 -0.0377651
64 -0.0371642
65 -0.0365821
66 -0.0360179
67 -0.0354709
68 -0.0349403
69 -0.0344253
70 -0.0339253
71 -0.0334395
72 -0.0329675
73 -0.0325087
74 -0.0320624
75 -0.0316282
76 -0.0312056
77 -0.0307942
78 -0.0303934
79 -0.030003
80 -0.0296225
81 -0.0292514
82 -0.0288896
83 -0.0285366
84 -0.0281922
85 -0.0282399
86 -0.027907
87 -0.0275818
88 -0.0272642
89 -0.0269537
90 -0.0266503
91 -0.0263536
92 -0.0260635
93 -0.0257796
94 -0.0255019
95 -0.0252301
96 -0.024964
97 -0.0247035
98 -0.0244484
99 -0.0241985
100 -0.0239536
101 -0.0237137
102 -0.0234785
103 -0.0232479
104 -0.0230218
105 -0.0228001
106 -0.0225826
107 -0.0223692
108 -0.0221598
109 -0.0219543
110 -0.0217525
111 -0.0215545
112 -0.02136
113 -0.0214471
114 -0.0212569
115 -0.0210702
116 -0.0208866
117 -0.0207063
118 -0.020529
119 -0.0203548
120 -0.0201834
121 -0.020015
122 -0.0198493
123 -0.0196864
124 -0.0195261
125 -0.0193683
126 -0.0192132
127 -0.0190604
128 -0.0189101
129 -0.0187622
130 -0.0186165
131 -0.0184731
132 -0.0185622
133 -0.0184214
134 -0.0182826
135 -0.018146
136 -0.0180114
137 -0.0178787
138 -0.017748
139 -0.0176192
140 -0.0174923
141 -0.0173672
142 -0.0172438
143 -0.0171222
144 -0.0170023
145 -0.016884
146 -0.0167674
147 -0.0166524
148 -0.0167381
149 -0.0166248
150 -0.0165131
151 -0.0164028
152 -0.0162941
153 -0.0161867
154 -0.0164475
155 -0.0163405
156 -0.0162349
