0 0.49
1 0.55
2 0.48
3 0.55
4 0.58
5 0.59
6 0.58
7 0.56
8 0.6
9 0.62
10 0.62
11 0.59
12 0.59
13 0.61
14 0.59
15 0.59
16 0.58
17 0.58
18 0.59
19 0.58
20 0.58
21 0.57
22 0.59
23 0.59
24 0.6
25 0.58
26 0.58
27 0.59
28 0.61
29 0.61
30 0.59
31 0.62
32 0.58
33 0.6
34 0.58
35 0.58
36 0.61
37 0.58
38 0.58
39 0.57
40 0.59
41 0.59
42 0.59
43 0.59
44 0.59
45 0.57
46 0.57
47 0.58
48 0.58
49 0.59
50 0.56
51 0.56
52 0.55
53 0.56
54 0.55
55 0.59
56 0.57
57 0.57
58 0.54
59 0.54
60 0.55
61 0.56
62 0.54
63 0.57
64 0.54
65 0.54
66 0.54
67 0.55
68 0.54
69 0.53
70 0.53
71 0.53
72 0.55
73 0.57
74 0.53
75 0.55
76 0.57
77 0.55
78 0.55
79 0.53
80 0.56
81 0.56
82 0.57
83 0.54
84 0.53
85 0.55
86 0.56
87 0.54
88 0.54
89 0.52
90 0.52
91 0.52
92 0.55
93 0.52
94 0.54
95 0.52
96 0.53
97 0.54
98 0.54
99 0.52
100 0.52
101 0.54
102 0.55
103 0.53
104 0.55
105 0.55
106 0.55
107 0.54
108 0.54
109 0.55
110 0.55
111 0.55
112 0.54
113 0.54
114 0.58
115 0.54
116 0.54
117 0.52
118 0.56
119 0.56
120 0.53
121 0.53
122 0.53
123 0.55
124 0.55
125 0.53
126 0.53
127 0.55
128 0.53
129 0.53
130 0.55
131 0.55
132 0.55
133 0.54
134 0.53
135 0.54
136 0.52
137 0.53
138 0.54
139 0.52
140 0.53
141 0.53
142 0.52
143 0.51
144 0.51
145 0.51
146 0.51
147 0.53
148 0.52
149 0.53
150 0.53
151 0.53
152 0.54
153 0.51
154 0.53
155 0.52
