-6 0 18 22 22 20 22 24 28 26 28 26 26 30 28 28 34 30 32 32 34 32 36 34 38 40 38 38 42 36 42 40 42 42 48 42 44 44 50 48 48 50 46 52 50 50 54 50 56 52 56 54 56 54 54 60 54 56 60 58 60 60 62 58 62 62 60 58 58 62 62 58 60 58 58 58 58 62 60 58 58 58 62 58 62 58 60 64 60 60 60 64 60 60 62 60 64 64 62 64 64 62 64 60 60 62 64 62 60 60 60 64 64 62 62 64 62 60 62 62 64 64 62 64 62 66 66 62 66 64 62 64 64 64 64 64 64 66 64 66 64 64 64 64 64 68 64 64 66 64 68 66 70 66 70 74 
-8 24 8 18 24 24 22 24 24 22 26 26 26 28 30 30 30 32 32 28 30 34 38 30 38 38 36 42 40 40 44 42 42 44 46 42 48 46 48 46 48 50 50 54 50 50 50 58 54 50 56 58 58 54 54 58 56 58 60 56 58 62 58 58 58 62 60 58 62 62 60 62 58 62 58 60 62 62 60 58 60 62 60 58 58 58 58 60 62 62 64 60 60 60 64 60 62 64 64 64 64 62 60 62 60 60 62 62 62 62 60 60 66 66 62 62 66 60 60 64 62 66 64 62 64 62 62 66 64 62 66 64 62 62 64 64 64 68 64 66 64 66 68 64 64 66 68 66 70 64 66 70 66 70 74 74 
-4 18 22 18 24 24 22 24 26 28 32 26 26 30 30 32 32 32 34 32 36 34 34 34 38 36 36 40 38 40 38 44 40 48 48 44 42 46 48 50 52 48 50 48 52 54 54 54 50 56 56 56 58 62 56 56 56 56 56 62 62 58 60 58 60 58 60 60 58 62 62 60 60 58 58 58 62 60 58 58 58 58 62 60 64 58 60 58 60 60 60 62 64 64 62 60 60 62 62 64 62 60 64 60 60 60 60 62 64 60 62 64 60 64 64 62 60 60 64 64 64 64 64 62 64 64 62 64 64 62 64 68 66 62 66 64 68 68 66 68 64 64 64 66 66 64 66 64 64 70 64 66 66 66 66 66 
-6 -2 20 18 24 22 26 24 20 26 26 28 32 28 30 32 28 32 34 36 34 34 38 32 38 36 38 38 38 44 40 46 42 40 44 46 48 46 46 46 44 46 50 48 54 52 48 56 54 58 58 54 54 58 60 60 58 58 56 62 58 58 60 62 62 58 62 58 60 60 60 58 58 60 60 60 58 60 60 58 62 58 62 60 58 60 64 60 62 62 62 60 64 62 64 60 64 64 64 64 60 62 62 60 64 60 62 62 60 60 62 62 64 60 62 66 64 62 62 60 64 64 64 64 62 66 62 64 62 62 62 62 66 66 64 64 64 64 64 64 64 64 66 68 68 64 64 64 66 64 64 70 70 70 68 68 
-14 -4 20 18 18 26 24 22 26 30 26 24 30 26 26 32 30 32 28 32 32 34 32 38 32 38 38 40 36 40 46 42 44 48 46 44 46 46 52 48 44 46 48 50 50 52 54 50 58 54 54 54 56 54 54 54 58 54 58 56 60 58 62 62 62 58 58 58 62 60 60 58 60 60 60 60 60 58 58 62 62 58 58 58 58 62 62 60 64 60 60 64 62 60 60 60 60 60 64 64 64 60 60 64 64 64 62 62 64 60 62 64 60 64 62 60 60 64 64 62 62 64 62 62 62 64 62 62 66 66 66 66 66 66 66 68 64 64 66 66 66 66 64 64 64 64 64 68 64 66 66 70 68 68 74 74 
-4 4 22 24 24 24 24 28 24 24 28 28 28 28 32 30 30 32 32 32 32 38 30 36 40 38 38 38 40 40 40 46 40 40 40 46 46 48 50 46 52 48 48 52 54 48 52 52 50 50 58 58 54 54 56 56 58 58 56 58 60 60 58 58 60 60 60 60 58 58 58 58 58 60 60 60 58 60 60 62 58 58 58 58 58 60 60 62 60 60 60 60 60 60 64 64 60 64 64 60 60 60 60 60 60 60 60 62 64 60 60 64 64 64 64 64 64 62 64 64 64 62 62 62 62 62 62 62 62 62 62 62 62 62 66 64 64 64 64 64 64 64 66 64 66 66 66 70 66 64 64 68 68 70 70 70 
4 2 18 22 22 24 24 24 30 24 22 22 22 32 34 34 34 28 32 30 36 36 36 36 34 38 38 38 38 38 38 42 42 42 42 48 48 44 44 44 44 46 46 48 48 52 54 54 54 56 56 56 56 58 54 54 58 58 58 60 60 60 60 60 60 60 60 60 62 62 62 62 62 60 60 60 60 60 60 62 62 62 62 62 58 62 62 62 62 62 62 62 62 62 64 64 62 64 64 62 62 62 62 62 62 62 62 62 62 60 60 60 64 64 64 64 60 62 66 66 66 62 62 66 66 62 62 62 62 62 62 62 62 62 64 64 62 62 62 62 62 62 64 64 64 64 64 68 70 70 70 70 70 74 74 74 
-4 20 12 24 24 24 24 24 28 28 28 28 28 28 28 28 28 32 32 32 34 32 32 32 36 36 36 44 40 40 40 40 40 40 40 44 44 46 46 46 46 50 50 50 50 50 58 58 54 54 54 54 54 56 58 58 62 62 62 56 56 56 62 62 62 62 62 62 62 62 62 62 62 58 58 58 58 58 58 58 58 58 58 58 58 58 58 58 58 58 58 58 58 58 58 58 64 64 60 64 64 64 64 64 64 64 64 64 64 64 64 64 64 64 64 64 62 62 62 62 62 62 62 66 66 66 66 66 66 66 66 66 66 66 66 66 66 66 66 66 66 66 66 66 64 64 64 64 64 64 64 64 64 64 64 64 
20 6 18 18 18 22 26 22 22 22 22 22 22 28 28 28 28 30 30 30 34 34 34 38 38 38 38 38 38 38 38 38 38 38 38 38 44 44 44 44 44 52 52 52 52 48 54 54 54 54 54 54 54 54 58 58 58 58 58 60 60 60 60 60 60 60 60 60 60 60 60 60 60 60 60 60 60 60 60 60 60 60 60 60 60 60 60 60 60 60 60 60 60 60 60 60 60 64 64 64 64 64 64 64 64 64 64 64 64 64 64 64 64 64 64 64 64 62 62 62 62 62 62 62 62 62 62 62 62 62 62 62 62 62 62 62 62 62 62 62 62 62 62 62 62 62 62 62 62 62 62 62 62 62 62 62 
-2 20 20 20 20 24 24 24 24 24 24 24 24 24 24 24 24 24 24 24 24 24 24 36 36 36 36 36 36 36 36 36 36 36 36 36 36 36 36 36 36 36 36 36 36 52 52 52 52 52 52 52 52 52 52 52 52 52 52 52 52 52 52 52 52 52 52 52 52 52 52 52 52 52 52 52 52 52 52 52 52 52 52 52 52 52 52 52 52 52 52 52 52 52 52 52 52 52 52 52 52 52 52 52 52 52 52 52 52 52 52 52 52 52 52 52 52 52 52 52 52 52 52 52 52 52 52 52 52 52 52 52 52 52 52 52 52 52 52 52 52 52 52 52 52 52 52 52 52 52 52 52 52 52 52 52 
