0 -0.2
1 -0.24
2 -0.22
3 -0.24
4 -0.24
5 -0.26
6 -0.26
7 -0.28
8 -0.3
9 -0.3
10 -0.32
11 -0.28
12 -0.32
13 -0.32
14 -0.34
15 -0.34
16 -0.34
17 -0.32
18 -0.34
19 -0.36
20 -0.36
21 -0.38
22 -0.38
23 -0.38
24 -0.4
25 -0.4
26 -0.38
27 -0.44
28 -0.42
29 -0.44
30 -0.46
31 -0.46
32 -0.44
33 -0.48
34 -0.48
35 -0.48
36 -0.48
37 -0.48
38 -0.52
39 -0.5
40 -0.52
41 -0.52
42 -0.52
43 -0.54
44 -0.54
45 -0.54
46 -0.58
47 -0.58
48 -0.58
49 -0.58
50 -0.58
51 -0.58
52 -0.58
53 -0.62
54 -0.6
55 -0.6
56 -0.62
57 -0.62
58 -0.62
59 -0.62
60 -0.62
61 -0.62
62 -0.62
63 -0.62
64 -0.62
65 -0.62
66 -0.62
67 -0.62
68 -0.62
69 -0.62
70 -0.62
71 -0.62
72 -0.62
73 -0.62
74 -0.6
75 -0.6
76 -0.62
77 -0.62
78 -0.6
79 -0.62
80 -0.62
81 -0.62
82 -0.62
83 -0.62
84 -0.64
85 -0.62
86 -0.64
87 -0.64
88 -0.64
89 -0.62
90 -0.64
91 -0.64
92 -0.64
93 -0.64
94 -0.64
95 -0.64
96 -0.64
97 -0.64
98 -0.64
99 -0.64
100 -0.64
101 -0.64
102 -0.64
103 -0.64
104 -0.64
105 -0.64
106 -0.64
107 -0.64
108 -0.64
109 -0.64
110 -0.64
111 -0.64
112 -0.66
113 -0.66
114 -0.64
115 -0.66
116 -0.66
117 -0.64
118 -0.66
119 -0.66
120 -0.66
121 -0.66
122 -0.64
123 -0.66
124 -0.66
125 -0.66
126 -0.66
127 -0.66
128 -0.66
129 -0.66
130 -0.66
131 -0.68
132 -0.66
133 -0.66
134 -0.66
135 -0.68
136 -0.68
137 -0.68
138 -0.66
139 -0.68
140 -0.66
141 -0.66
142 -0.68
143 -0.68
144 -0.68
145 -0.68
146 -0.68
147 -0.7
148 -0.7
149 -0.7
150 -0.7
151 -0.7
152 -0.7
153 -0.74
154 -0.74
155 -0.74
