37 33 38 35 35 35 37 35 36 33 
34 36 35 38 37 36 37 32 33 33 
32 34 37 35 37 32 33 35 34 35 
34 33 33 35 33 33 36 33 34 33 
33 33 35 34 33 33 36 33 33 33 
32 33 35 34 33 33 33 34 33 33 
33 33 32 33 33 33 33 33 32 32 
33 33 33 31 33 32 33 32 32 33 
33 31 32 33 33 33 33 32 31 32 
34 32 33 33 33 32 33 31 31 32 
33 33 33 33 33 32 33 31 33 34 
32 33 33 33 33 33 34 32 33 33 
32 33 33 32 32 33 31 32 33 33 
33 33 33 32 32 33 31 34 33 33 
34 33 33 32 32 33 33 32 33 33 
34 33 33 32 32 33 33 33 33 33 
33 32 33 32 33 33 33 33 33 33 
33 32 33 32 33 33 32 32 33 33 
32 32 32 33 32 33 34 32 32 32 
32 32 32 31 33 32 32 33 32 32 
32 33 33 33 33 32 32 33 34 33 
32 33 34 34 33 32 32 32 32 32 
34 34 34 34 34 34 32 33 33 33 
34 34 33 33 32 32 33 32 33 33 
33 33 33 32 32 34 33 32 34 33 
32 33 32 33 32 32 32 32 33 32 
33 32 32 33 33 32 32 33 32 33 
33 32 32 33 33 32 33 32 32 32 
32 33 33 32 33 32 32 32 32 32 
32 33 33 32 32 33 33 32 32 32 
32 32 33 32 32 33 33 33 33 33 
32 32 33 32 32 33 32 33 33 33 
32 32 33 33 32 33 32 32 32 33 
32 32 33 33 32 33 33 32 33 33 
32 32 32 33 32 33 33 32 33 33 
32 32 32 33 32 32 33 32 32 32 
32 32 32 32 32 32 33 33 32 32 
33 32 32 32 32 32 33 33 32 32 
32 32 32 32 32 32 33 32 33 33 
32 32 32 32 32 32 32 32 32 32 
32 32 32 32 32 32 32 32 32 32 
32 33 32 32 32 32 32 32 32 32 
31 31 32 32 32 32 32 32 32 32 
31 31 32 31 32 33 32 32 32 32 
32 32 32 32 32 33 32 32 32 32 
33 32 32 32 32 31 31 31 33 32 
32 32 31 31 32 32 32 32 32 33 
32 32 33 32 33 33 32 32 32 33 
32 33 32 33 32 33 33 32 32 33 
33 32 33 32 32 32 33 32 33 32 
33 33 32 32 32 32 33 33 33 33 
33 33 32 33 33 33 32 33 33 33 
33 33 33 33 33 32 32 33 33 33 
33 33 33 33 33 32 33 32 33 33 
33 33 33 33 33 33 33 33 33 33 
33 33 33 33 33 33 33 33 33 33 
32 33 33 33 33 33 33 33 33 32 
32 33 33 33 33 33 33 32 33 33 
33 33 32 33 33 33 33 32 33 33 
33 33 32 33 33 33 33 33 32 33 
33 33 33 33 33 33 33 33 33 33 
32 33 32 32 33 32 33 33 33 33 
33 33 32 32 33 32 32 33 33 33 
33 32 33 33 32 33 33 33 32 33 
33 32 33 33 32 33 33 33 32 33 
33 32 33 32 33 33 33 33 33 33 
33 33 32 33 33 33 33 33 33 32 
33 33 32 33 33 33 33 33 32 32 
33 33 33 33 33 33 33 33 32 33 
33 33 33 33 33 34 33 33 33 33 
32 32 33 33 33 34 33 33 33 33 
32 32 33 33 33 33 33 33 33 33 
33 33 33 33 33 33 33 33 33 32 
33 33 33 33 33 33 33 33 33 32 
33 33 34 33 33 33 33 33 33 32 
34 34 33 33 33 33 33 33 33 34 
34 34 33 33 32 33 33 33 33 34 
33 32 33 33 32 33 33 32 33 32 
33 32 33 33 33 34 32 34 33 32 
33 32 33 33 33 34 32 34 33 33 
33 32 33 32 34 33 33 33 33 33 
33 33 33 33 33 33 33 33 33 33 
33 33 33 33 33 33 33 32 33 33 
33 32 32 33 33 33 33 32 33 33 
33 32 32 33 33 32 33 33 33 33 
32 33 33 33 33 33 33 33 33 33 
32 33 33 33 33 33 33 33 32 32 
32 33 33 33 33 33 33 33 33 33 
33 33 32 33 33 33 33 33 33 33 
33 33 32 33 33 33 33 33 33 33 
33 33 33 33 33 34 33 33 33 33 
33 33 33 33 33 34 33 34 33 33 
33 33 33 33 34 33 33 34 33 33 
32 33 33 33 34 33 33 33 34 33 
32 33 33 33 34 33 34 33 34 33 
33 34 33 33 34 33 34 33 33 34 
33 34 33 33 33 33 33 33 34 33 
33 34 34 33 33 33 33 34 34 33 
34 33 33 33 33 34 33 34 33 34 
33 34 33 34 34 34 33 34 33 33 
33 34 33 34 34 33 33 33 34 34 
33 34 33 34 33 33 34 33 34 34 
33 33 33 35 33 34 34 33 34 33 
33 33 33 35 33 34 33 33 33 33 
34 34 35 33 33 33 33 33 33 33 
34 34 35 33 33 33 33 33 34 34 
34 33 34 34 35 33 33 33 34 34 
34 33 34 34 35 33 33 34 33 34 
33 34 34 34 34 34 33 34 33 34 
34 33 34 34 34 34 34 34 34 33 
33 33 34 33 34 34 34 33 33 33 
33 34 34 33 34 33 34 33 33 33 
34 33 34 33 34 33 33 33 34 33 
34 33 34 34 33 34 34 33 33 33 
34 33 34 34 33 34 34 33 33 33 
34 33 34 34 34 33 33 33 34 33 
34 35 34 34 33 33 33 33 34 33 
33 34 34 33 33 34 34 33 34 33 
34 34 34 33 33 33 34 34 33 34 
34 34 34 34 33 33 33 34 34 34 
35 34 33 34 33 33 33 34 34 34 
35 34 33 34 33 34 35 35 34 34 
35 35 34 34 35 34 34 35 34 35 
34 35 34 34 35 34 34 34 35 35 
34 35 35 34 35 35 34 34 34 35 
35 35 35 35 35 35 34 34 34 35 
35 35 35 35 34 33 33 35 34 34 
35 34 35 34 35 35 35 35 34 34 
34 34 35 34 35 35 35 35 34 35 
34 34 35 34 35 34 35 35 34 35 
34 34 35 34 35 34 34 34 35 35 
34 35 35 33 35 34 34 34 35 33 
34 35 35 33 34 35 34 35 35 33 
34 33 34 34 34 35 34 35 35 33 
34 33 34 34 34 34 34 34 35 33 
34 33 34 34 34 34 35 34 35 34 
34 33 34 34 34 34 35 34 34 33 
34 33 34 33 35 34 33 34 33 34 
34 33 33 33 35 34 33 34 33 34 
34 33 33 33 33 33 33 33 34 34 
33 33 33 33 33 33 33 33 34 34 
33 33 33 34 33 34 34 33 34 34 
33 33 33 34 33 34 34 34 34 34 
33 33 34 34 34 33 34 34 34 33 
33 34 34 34 34 33 34 34 33 34 
34 34 34 33 33 34 34 34 33 33 
34 33 34 33 34 33 34 34 33 33 
34 34 34 33 34 33 33 33 33 34 
34 34 33 33 34 33 33 33 33 34 
33 33 33 34 34 33 33 33 33 33 
34 33 33 34 34 33 34 34 33 34 
34 33 33 33 34 33 34 34 33 34 
33 33 33 33 34 33 33 32 33 32 
33 33 33 33 33 33 33 32 33 32 
33 34 33 33 33 33 33 33 33 33 
33 34 33 33 33 34 32 33 33 33 
33 34 33 33 33 34 32 33 33 32 
