0 0
1 0
2 1
3 2
4 2
5 2
6 2
7 3
8 2
9 3
10 4
11 4
12 4
13 4
14 4
15 5
16 5
17 5
18 5
19 6
20 6
21 7
22 6
23 7
24 6
25 6
26 7
27 7
28 7
29 8
30 8
31 8
32 9
33 8
34 9
35 8
36 9
37 8
38 9
39 9
40 10
41 9
42 10
43 9
44 9
45 10
46 10
47 11
48 11
49 11
50 10
51 11
52 10
53 11
54 11
55 12
56 12
57 13
58 12
59 13
60 13
61 13
62 12
63 13
64 14
65 14
66 13
67 14
68 15
69 15
70 15
71 15
72 15
73 15
74 15
75 16
76 16
77 16
78 17
79 16
80 16
81 16
82 16
83 17
84 17
85 17
86 17
87 18
88 18
89 18
90 18
91 19
92 19
93 19
94 19
95 20
96 20
97 20
98 20
99 19
100 20
101 20
102 20
103 20
104 20
105 20
106 20
107 20
108 20
109 20
110 20
111 19
112 20
113 20
114 20
115 20
116 20
117 20
118 20
119 20
120 20
121 20
122 20
123 20
124 20
125 20
126 20
127 20
128 20
129 20
130 20
131 20
132 20
133 20
134 20
135 20
136 20
137 20
138 20
139 20
140 20
141 20
142 20
