0 1.06
1 1.08
2 1.12
3 1.12
4 1.12
5 1.12
6 1.22
7 1.18
8 1.2
9 1.24
10 1.24
11 1.24
12 1.24
13 1.24
14 1.26
15 1.26
16 1.26
17 1.26
18 1.28
19 1.28
20 1.3
21 1.28
22 1.3
23 1.28
24 1.28
25 1.3
26 1.3
27 1.3
28 1.32
29 1.32
30 1.32
31 1.36
32 1.34
33 1.38
34 1.36
35 1.38
36 1.36
37 1.38
38 1.38
39 1.4
40 1.38
41 1.4
42 1.38
43 1.38
44 1.4
45 1.4
46 1.42
47 1.42
48 1.42
49 1.4
50 1.44
51 1.4
52 1.44
53 1.44
54 1.46
55 1.46
56 1.48
57 1.46
58 1.48
59 1.48
60 1.48
61 1.46
62 1.48
63 1.5
64 1.5
65 1.48
66 1.5
67 1.52
68 1.52
69 1.52
70 1.52
71 1.52
72 1.52
73 1.52
74 1.54
75 1.54
76 1.54
77 1.56
78 1.54
79 1.54
80 1.54
81 1.54
82 1.56
83 1.56
84 1.56
85 1.56
86 1.58
87 1.58
88 1.58
89 1.58
90 1.6
91 1.6
92 1.6
93 1.6
94 1.62
95 1.62
96 1.62
97 1.62
98 1.6
99 1.62
100 1.62
101 1.62
102 1.62
103 1.62
104 1.62
105 1.62
106 1.62
107 1.62
108 1.62
109 1.62
110 1.6
111 1.62
112 1.62
113 1.62
114 1.62
115 1.62
116 1.62
117 1.62
118 1.62
119 1.62
120 1.62
121 1.62
122 1.62
123 1.62
124 1.62
125 1.62
126 1.62
127 1.62
128 1.62
129 1.62
130 1.62
131 1.62
132 1.62
133 1.62
134 1.62
135 1.62
136 1.62
137 1.62
138 1.62
139 1.62
140 1.62
141 1.62
