0 102
1 94
2 92
3 106
4 104
5 102
6 100
7 104
8 102
9 96
10 90
11 96
12 104
13 96
14 104
15 94
16 100
17 94
18 106
19 108
20 104
21 102
22 104
23 106
24 108
25 104
26 102
27 100
28 112
29 106
30 106
31 102
32 102
33 106
34 94
35 98
36 100
37 102
38 110
39 106
40 102
41 112
42 112
43 110
44 102
45 108
46 102
47 110
48 108
49 110
50 110
51 108
52 106
53 112
54 110
55 112
56 108
57 110
58 110
59 114
60 122
61 114
62 112
63 108
64 114
65 114
66 110
67 112
68 118
69 110
70 116
71 112
72 106
73 112
74 116
75 108
76 114
77 120
78 112
79 114
80 114
81 112
82 112
83 122
84 112
85 114
86 118
87 122
88 116
89 124
90 114
91 118
92 118
93 122
94 122
95 122
96 120
97 122
98 122
99 124
100 122
101 122
102 122
103 122
104 120
105 122
106 120
107 122
108 122
109 122
110 124
111 122
112 124
113 120
114 124
115 120
116 124
117 118
118 122
119 124
120 126
121 124
122 124
123 122
124 124
125 126
126 120
127 126
128 120
129 124
130 122
131 124
132 124
133 126
134 120
135 124
136 124
137 122
138 124
139 126
140 120
141 122
142 124
143 126
144 126
145 120
146 128
147 126
148 126
149 126
150 128
151 124
152 124
153 128
154 124
155 124
156 126
157 126
158 128
159 124
160 128
161 126
162 124
163 126
164 122
165 128
166 130
167 126
168 126
169 128
170 124
171 126
172 128
173 126
174 128
175 128
176 128
177 130
178 128
179 128
180 128
181 128
182 126
183 128
184 126
185 128
186 128
187 128
188 128
189 128
190 128
191 128
192 128
193 128
194 128
195 128
196 126
197 128
198 128
199 130
200 128
201 126
202 128
203 128
204 128
205 126
206 130
207 126
208 128
209 128
210 128
211 126
212 130
213 128
214 130
215 124
216 130
217 130
218 130
219 128
220 128
221 130
222 128
223 128
224 130
225 126
226 130
227 128
228 132
229 130
230 130
231 130
232 130
233 132
234 128
235 126
236 130
237 132
238 132
239 126
240 132
241 130
242 126
243 130
244 132
245 130
246 132
247 130
248 132
249 132
250 136
251 128
252 132
253 132
254 132
255 130
256 132
257 132
258 134
259 130
260 128
261 134
262 134
263 134
264 138
265 134
266 130
267 132
268 136
269 132
270 134
271 136
272 134
273 132
274 134
275 136
276 132
277 138
278 134
279 136
280 136
281 132
282 136
283 134
284 136
285 134
286 134
287 132
288 134
289 136
290 138
291 138
292 136
293 136
294 134
295 134
296 134
297 134
298 140
299 138
300 138
301 134
302 136
303 136
304 138
305 138
306 138
307 136
308 140
309 138
310 138
311 136
312 136
313 138
314 136
315 134
316 138
317 134
318 138
319 138
320 138
321 138
322 134
323 138
324 138
325 138
326 134
327 138
328 138
329 136
330 140
331 138
332 138
333 134
334 140
335 134
336 136
337 140
338 138
339 140
340 136
341 140
342 136
343 140
344 142
345 136
346 140
347 136
348 138
349 140
350 142
351 142
352 136
353 140
354 140
355 140
356 138
357 138
358 138
359 140
360 140
361 138
362 140
363 136
364 142
365 140
366 140
367 138
368 138
369 140
370 136
371 138
372 138
373 140
374 140
375 140
376 140
377 140
378 138
379 140
380 138
381 144
382 140
383 140
384 138
385 140
386 140
387 136
388 138
389 140
390 140
391 140
392 138
393 144
394 142
395 144
396 138
397 140
398 144
399 144
400 144
401 142
402 142
403 142
404 140
405 144
406 144
407 142
408 146
409 146
410 140
411 140
412 142
413 144
414 140
415 142
416 142
417 146
418 144
419 146
420 142
421 146
422 144
423 142
424 146
425 140
426 148
427 144
428 142
429 142
430 144
431 146
432 146
433 142
434 142
435 146
436 142
437 148
438 144
439 142
440 146
441 146
442 144
443 144
444 144
445 146
446 142
447 148
448 142
449 148
450 146
451 144
452 146
453 146
454 146
455 146
456 144
457 146
458 144
459 144
460 144
461 144
462 144
463 148
464 148
465 146
466 148
467 148
468 144
469 148
470 148
471 144
472 146
473 150
474 148
475 148
476 150
477 148
478 148
479 146
480 146
481 144
482 148
483 148
484 146
485 146
486 148
487 146
488 148
489 146
490 148
491 146
492 148
493 148
494 146
495 148
496 148
497 144
498 150
499 148
500 148
501 148
502 148
503 152
504 152
505 146
506 144
507 148
508 146
509 152
510 150
511 148
512 152
513 152
514 150
515 146
516 148
517 150
518 152
519 148
520 148
521 146
522 150
523 148
524 152
525 152
526 148
527 152
528 150
529 152
530 152
531 152
532 150
533 152
534 152
535 152
536 152
537 152
538 152
539 152
540 152
541 152
542 150
543 148
544 148
545 148
546 148
547 152
548 150
549 154
550 152
551 152
552 150
553 152
554 152
555 148
556 148
557 152
558 152
559 150
560 154
561 152
562 152
563 152
564 150
565 154
566 152
567 152
568 150
569 154
570 152
571 152
572 152
573 150
574 152
575 152
576 156
577 150
578 152
579 154
580 154
581 152
582 154
583 150
584 152
585 154
586 152
587 154
588 150
589 150
590 154
591 150
592 150
593 154
594 154
595 152
596 150
597 152
598 152
599 154
600 152
601 152
602 150
603 154
604 154
605 156
606 156
607 152
608 156
609 152
610 152
611 154
612 156
613 156
614 154
615 156
616 154
617 152
618 156
619 152
620 154
621 156
622 154
623 154
624 152
625 152
626 152
627 156
628 152
629 152
630 156
631 156
632 158
633 152
634 156
635 156
636 156
637 154
638 158
639 152
640 152
641 154
642 156
643 152
644 156
645 152
646 152
647 154
648 152
649 158
650 156
651 158
652 154
653 158
654 156
655 158
656 158
657 158
658 156
659 156
660 154
661 160
662 160
663 158
664 154
665 160
666 158
667 154
668 154
669 156
670 156
671 160
672 156
673 154
674 154
675 158
676 156
677 160
678 156
679 158
680 156
681 158
682 156
683 158
684 156
685 156
686 154
687 158
688 156
689 156
690 154
691 160
692 156
693 162
694 158
695 160
696 156
697 156
698 158
699 158
700 156
701 160
702 158
703 162
704 160
705 162
706 160
707 160
708 158
709 158
710 156
711 162
712 160
713 160
714 162
715 160
716 158
717 160
718 162
719 158
720 158
721 156
722 162
723 158
724 160
725 160
726 160
727 158
728 158
729 160
730 162
731 160
732 162
733 160
734 162
735 162
736 158
737 158
738 162
739 162
740 162
741 162
742 158
743 158
744 162
745 158
746 158
747 158
748 162
749 160
750 162
751 158
752 160
753 158
754 158
755 162
756 162
757 160
758 158
759 160
760 158
761 162
762 162
763 162
764 162
765 160
766 158
767 162
768 160
769 160
770 162
771 162
772 162
773 162
774 162
775 162
776 158
777 160
778 158
779 158
780 160
781 158
782 160
783 158
784 158
785 162
786 162
787 160
788 162
789 158
790 158
791 158
792 158
793 158
794 162
795 158
796 162
797 162
798 162
799 158
800 160
801 162
802 158
803 160
804 158
805 160
806 160
807 158
808 158
809 160
810 158
811 158
812 162
813 158
814 160
815 160
816 160
817 160
818 162
819 160
820 162
821 160
822 160
823 160
824 162
825 158
826 158
827 160
828 158
829 158
830 158
831 158
832 160
833 162
834 158
835 158
836 162
837 160
838 160
839 158
840 162
841 160
842 158
843 160
844 162
845 158
846 162
847 160
848 158
849 160
850 158
851 158
852 162
853 160
854 160
855 162
856 162
857 162
858 160
859 162
860 158
861 160
862 160
863 162
864 160
865 162
866 162
867 158
868 162
869 162
870 162
871 162
872 158
873 158
874 158
875 158
876 162
877 162
878 160
879 160
880 158
881 158
882 162
883 158
884 162
885 162
886 162
887 162
888 162
889 158
890 158
891 158
892 158
893 158
894 158
895 160
896 160
897 158
898 160
899 158
900 162
901 162
902 162
903 158
904 162
905 162
906 160
907 158
908 162
909 160
910 160
911 162
912 162
913 160
914 162
915 160
916 162
917 162
918 158
919 162
920 162
921 160
922 160
923 158
924 162
925 160
926 160
927 160
928 160
929 162
930 162
931 160
932 158
933 158
934 158
935 158
936 162
937 162
938 162
939 158
940 162
941 162
942 162
943 160
944 158
945 160
946 158
947 162
948 160
949 162
950 162
951 162
952 158
953 158
954 162
955 158
956 162
957 158
958 158
959 162
960 158
961 158
962 158
963 162
964 160
965 160
966 158
967 162
968 162
969 158
970 162
971 158
972 158
973 162
974 160
975 162
976 160
977 162
978 158
979 160
980 158
981 162
982 160
983 162
984 162
985 162
986 158
987 162
988 158
989 158
990 158
991 162
992 162
993 160
994 160
995 158
996 162
997 162
998 162
999 160
