0 1
1 1.33333
2 1.5
3 1
4 1
5 1
6 1.83333
7 0.818182
8 1.11111
9 1.2
10 1
11 1
12 1
13 1
14 1.08333
15 1
16 1
17 1
18 1.07692
19 1
20 1.07143
21 0.933333
22 1.07143
23 0.933333
24 1
25 1.07143
26 1
27 1
28 1.06667
29 1
30 1
31 1.125
32 0.944444
33 1.11765
34 0.947368
35 1.05556
36 0.947368
37 1.05556
38 1
39 1.05263
40 0.95
41 1.05263
42 0.95
43 1
44 1.05263
45 1
46 1.05
47 1
48 1
49 0.952381
50 1.1
51 0.909091
52 1.1
53 1
54 1.04545
55 1
56 1.04348
57 0.958333
58 1.04348
59 1
60 1
61 0.958333
62 1.04348
63 1.04167
64 1
65 0.96
66 1.04167
67 1.04
68 1
69 1
70 1
71 1
72 1
73 1
74 1.03846
75 1
76 1
77 1.03704
78 0.964286
79 1
80 1
81 1
82 1.03704
83 1
84 1
85 1
86 1.03571
87 1
88 1
89 1
90 1.03448
91 1
92 1
93 1
94 1.03333
95 1
96 1
97 1
98 0.967742
99 1.03333
100 1
101 1
102 1
103 1
104 1
105 1
106 1
107 1
108 1
109 1
110 0.967742
111 1.03333
112 1
113 1
114 1
115 1
116 1
117 1
118 1
119 1
120 1
121 1
122 1
123 1
124 1
125 1
126 1
127 1
128 1
129 1
130 1
131 1
132 1
133 1
134 1
135 1
136 1
137 1
138 1
139 1
140 1
141 1
