0 0
1 0.0188679
2 0.037037
3 0
4 0
5 0
6 0.0892857
7 -0.0327869
8 0.0169492
9 0.0333333
10 0
11 0
12 0
13 0
14 0.016129
15 0
16 0
17 0
18 0.015873
19 0
20 0.015625
21 -0.0153846
22 0.015625
23 -0.0153846
24 0
25 0.015625
26 0
27 0
28 0.0153846
29 0
30 0
31 0.030303
32 -0.0147059
33 0.0298507
34 -0.0144928
35 0.0147059
36 -0.0144928
37 0.0147059
38 0
39 0.0144928
40 -0.0142857
41 0.0144928
42 -0.0142857
43 0
44 0.0144928
45 0
46 0.0142857
47 0
48 0
49 -0.0140845
50 0.0285714
51 -0.0277778
52 0.0285714
53 0
54 0.0138889
55 0
56 0.0136986
57 -0.0135135
58 0.0136986
59 0
60 0
61 -0.0135135
62 0.0136986
63 0.0135135
64 0
65 -0.0133333
66 0.0135135
67 0.0133333
68 0
69 0
70 0
71 0
72 0
73 0
74 0.0131579
75 0
76 0
77 0.012987
78 -0.0128205
79 0
80 0
81 0
82 0.012987
83 0
84 0
85 0
86 0.0128205
87 0
88 0
89 0
90 0.0126582
91 0
92 0
93 0
94 0.0125
95 0
96 0
97 0
98 -0.0123457
99 0.0125
100 0
101 0
102 0
103 0
104 0
105 0
106 0
107 0
108 0
109 0
110 -0.0123457
111 0.0125
112 0
113 0
114 0
115 0
116 0
117 0
118 0
119 0
120 0
121 0
122 0
123 0
124 0
125 0
126 0
127 0
128 0
129 0
130 0
131 0
132 0
133 0
134 0
135 0
136 0
137 0
138 0
139 0
140 0
141 0
