-10 8 12 10 8 10 14 12 12 12 18 22 22 22 24 26 24 24 28 24 24 26 28 28 28 26 28 30 30 32 30 30 32 34 32 36 32 34 38 34 34 36 34 38 38 40 40 40 38 40 40 38 38 44 46 42 44 42 42 44 48 46 44 46 48 48 48 48 48 52 50 52 50 50 50 48 52 52 50 54 50 52 50 56 54 54 56 54 52 54 56 54 54 56 62 60 58 60 60 62 62 62 58 62 60 62 60 60 62 60 60 58 60 58 58 62 58 62 62 60 58 58 62 58 58 62 62 58 60 62 62 60 58 58 60 62 62 60 62 58 60 62 
-4 4 6 6 2 12 22 18 16 22 18 24 20 24 26 20 24 26 26 28 28 26 28 28 28 28 26 24 26 28 26 32 32 38 34 32 36 32 36 34 36 40 38 38 38 34 42 42 38 38 40 40 44 44 46 46 42 44 46 44 46 46 44 48 48 46 48 48 46 52 52 52 52 48 54 52 50 50 52 52 54 52 54 52 56 54 58 58 52 58 56 60 58 56 58 58 56 62 60 60 62 60 58 62 60 58 58 62 58 62 60 62 62 58 58 60 62 60 58 62 62 58 58 58 60 60 62 62 60 60 62 58 58 62 58 58 60 58 62 58 58 60 
4 2 6 2 10 8 14 10 8 12 22 22 22 20 24 26 26 20 26 24 26 28 30 26 28 28 30 30 30 26 30 32 34 34 36 38 34 34 36 34 36 38 34 34 36 36 36 42 40 38 40 40 42 42 40 44 46 46 42 46 44 44 48 48 50 46 46 48 52 50 48 48 52 48 52 52 54 52 54 54 54 54 54 52 54 52 52 52 54 56 54 58 56 54 60 62 62 58 60 62 62 62 62 62 62 60 58 58 62 58 58 58 60 60 58 60 60 60 60 62 62 62 62 58 58 58 60 62 60 58 62 60 62 58 62 62 62 62 58 62 62 62 
-4 4 2 12 8 10 12 16 14 14 22 22 20 24 24 20 20 22 26 24 24 24 28 28 28 30 26 30 28 30 32 36 30 30 34 34 36 36 36 34 38 38 38 38 40 40 40 36 40 40 38 36 44 42 40 46 40 46 48 42 46 46 48 44 48 48 48 48 50 46 48 52 52 48 52 50 52 52 54 50 52 52 56 54 52 52 56 52 52 58 60 54 60 58 56 60 60 58 58 60 58 58 62 62 62 58 62 58 62 60 58 60 62 58 60 58 58 62 60 60 62 62 62 58 62 62 62 60 60 58 58 58 58 58 58 58 58 60 62 62 62 62 
4 6 2 12 10 10 8 12 20 18 22 22 22 20 22 24 24 24 28 26 26 26 28 26 28 28 28 30 32 32 30 28 28 32 32 36 34 38 38 40 38 36 38 38 38 38 36 40 38 36 40 38 38 42 42 42 48 42 44 48 46 44 44 48 48 46 48 52 48 48 46 50 52 48 50 54 52 56 52 50 50 52 56 56 56 52 56 54 58 58 60 54 56 56 56 62 60 56 58 62 58 60 60 60 62 58 62 58 62 58 60 60 60 60 62 62 60 62 62 62 62 60 62 58 62 60 60 60 62 58 62 62 62 58 58 58 58 62 58 60 60 60 
-6 8 6 10 10 10 14 6 12 22 20 20 22 24 24 22 24 26 24 26 22 28 28 28 28 26 28 28 30 32 32 32 34 36 34 36 36 36 36 38 38 36 36 38 38 40 38 40 40 38 38 40 40 40 44 46 44 44 42 42 42 44 44 48 46 48 44 52 52 52 50 52 52 52 52 52 50 50 54 54 54 54 52 56 52 56 56 56 56 58 58 56 58 56 58 60 62 62 60 62 62 62 58 58 62 60 60 58 58 58 58 60 60 60 58 60 58 62 62 62 58 60 62 60 62 60 62 58 58 58 62 60 58 62 62 62 62 62 62 62 62 62 
0 4 -6 2 8 8 14 14 14 16 22 22 22 18 18 18 22 26 26 28 28 26 26 28 28 28 28 28 30 26 26 32 34 34 34 34 34 34 34 38 38 38 38 34 34 36 36 40 36 38 44 40 44 44 40 40 42 42 46 46 46 44 44 44 46 46 50 46 46 46 48 52 52 52 52 52 54 54 50 50 50 50 50 50 54 52 52 52 58 58 58 56 56 54 58 60 60 58 58 58 58 58 60 62 62 58 58 58 58 58 58 58 60 60 58 58 58 60 60 60 58 58 62 60 58 58 62 62 62 62 62 62 62 60 60 60 60 60 60 60 60 60 
-6 2 -2 -2 6 6 10 10 14 24 24 24 24 22 22 22 22 20 20 20 30 28 28 28 28 28 26 30 30 32 32 32 32 32 32 32 32 32 32 32 32 36 36 36 36 40 40 38 42 40 40 40 40 44 42 42 42 42 46 46 46 46 46 46 44 48 48 44 44 44 44 52 52 52 48 48 52 52 52 52 52 52 52 52 56 52 52 56 56 56 56 60 58 60 56 58 58 58 58 58 58 58 58 58 58 58 58 58 58 58 58 58 62 62 62 60 60 60 60 60 60 58 58 58 62 62 62 62 62 62 62 62 62 62 62 62 62 62 62 62 62 62 
6 0 0 0 12 12 12 12 12 14 14 14 14 14 14 14 14 14 14 14 14 14 14 14 28 28 30 28 30 30 30 30 30 30 30 30 30 30 30 30 30 30 30 30 30 36 36 36 40 40 40 40 40 42 42 42 42 42 44 44 44 44 44 50 48 46 46 46 46 46 46 46 52 52 52 52 52 52 52 52 52 52 52 52 52 56 56 56 56 56 56 56 56 56 56 56 56 56 56 62 58 58 58 58 58 58 58 58 58 58 58 58 58 58 58 62 62 62 62 62 62 62 62 62 62 62 62 62 62 62 62 62 62 62 62 62 62 62 62 62 62 62 
-4 -4 2 2 2 2 2 2 2 2 2 2 2 2 2 2 2 2 2 2 2 2 2 2 2 2 28 28 28 28 28 28 28 28 28 28 28 28 28 28 28 28 28 28 28 28 28 28 28 28 28 28 28 28 28 28 28 28 28 28 28 28 28 28 28 28 28 28 28 28 28 28 52 52 52 52 52 52 52 52 52 52 52 52 52 52 52 52 52 52 52 54 58 58 58 58 58 58 58 58 58 58 58 58 58 58 58 58 58 58 58 58 58 58 58 58 58 58 58 58 58 58 58 58 58 58 58 58 58 58 58 58 58 58 58 58 58 58 58 58 58 58 
