35 35 37 34 36 36 37 36 30 36 
35 36 34 35 34 36 34 35 37 36 
36 37 29 37 37 34 36 34 37 37 
35 33 37 35 36 31 30 37 37 32 
34 37 33 33 35 31 30 37 34 33 
36 34 33 35 35 37 36 36 32 36 
36 34 33 35 34 37 36 36 36 36 
34 33 36 35 34 33 34 36 36 33 
33 37 35 35 34 33 34 34 33 36 
33 33 35 35 33 35 34 35 34 33 
33 33 34 34 33 34 33 34 33 34 
33 34 34 34 34 34 33 33 33 34 
34 33 35 34 34 34 33 33 34 35 
35 33 35 34 33 34 33 35 34 35 
35 34 35 34 34 34 35 33 35 35 
34 34 34 35 35 34 35 33 35 34 
34 34 34 35 35 33 35 33 35 34 
34 35 34 34 35 35 33 34 35 34 
35 34 34 33 35 33 33 34 35 34 
34 35 34 33 35 33 34 34 33 33 
34 35 35 34 34 35 34 33 35 33 
34 34 33 35 34 34 33 33 35 33 
34 33 34 35 32 34 33 34 34 34 
34 33 34 35 32 34 35 33 33 34 
35 34 34 34 33 34 33 33 33 34 
35 34 35 34 34 34 33 34 33 34 
33 34 35 35 34 34 34 33 34 33 
33 32 34 33 34 33 33 33 33 35 
34 33 34 33 32 35 32 33 33 33 
33 33 34 33 32 33 32 33 33 33 
33 33 34 33 33 32 32 32 33 33 
33 33 33 33 34 33 33 32 33 33 
33 34 33 33 33 34 33 33 32 32 
33 34 33 33 33 34 33 32 34 33 
33 34 33 33 33 33 34 34 33 33 
34 33 33 34 33 33 34 34 33 33 
33 33 33 34 33 33 33 34 33 33 
33 33 33 34 33 33 33 34 33 33 
34 33 33 34 33 33 34 34 34 33 
34 34 33 33 33 33 34 34 34 33 
35 34 33 33 34 33 34 34 33 34 
35 34 34 35 33 33 34 34 33 34 
35 33 33 33 33 33 34 34 35 35 
35 33 33 33 33 33 34 33 34 34 
34 33 34 34 35 33 34 33 34 34 
33 34 33 33 35 33 34 35 34 34 
34 33 34 33 33 35 33 34 34 35 
34 33 34 35 34 33 33 33 33 35 
33 33 35 35 33 35 34 33 33 34 
33 33 35 35 34 33 34 34 33 35 
33 34 33 33 35 33 33 33 34 33 
33 34 33 33 35 34 33 33 34 34 
33 33 33 33 33 33 33 33 35 33 
33 33 33 33 34 35 34 34 34 33 
34 33 34 33 33 34 33 34 34 34 
33 34 33 33 34 34 33 34 34 34 
34 34 33 33 34 34 34 34 34 35 
34 34 34 34 34 33 35 33 34 35 
34 34 34 34 34 33 35 33 34 34 
35 34 34 34 35 34 35 33 34 34 
35 34 34 33 34 34 35 34 34 34 
34 34 35 34 34 34 35 34 34 35 
34 34 35 34 35 35 34 34 34 33 
34 35 35 35 34 35 34 34 34 33 
35 35 34 34 34 34 33 35 35 34 
35 35 34 34 34 36 34 34 35 34 
35 33 34 35 35 35 34 36 33 34 
35 33 35 35 34 36 35 34 35 34 
35 35 35 35 35 34 36 34 35 35 
36 34 35 35 35 34 36 35 34 35 
36 34 34 35 34 36 35 35 34 35 
35 33 35 35 34 36 35 34 33 34 
34 35 35 35 35 35 34 33 35 34 
34 34 35 34 34 34 35 36 35 34 
34 34 35 33 34 33 34 34 35 34 
35 34 33 35 34 34 34 34 33 34 
34 35 34 35 34 34 35 35 35 34 
33 35 34 35 33 34 33 34 35 34 
33 35 34 33 33 34 34 34 35 34 
34 33 34 34 35 34 34 36 33 35 
33 34 34 34 35 33 33 33 33 34 
33 34 33 34 34 35 33 33 33 34 
35 34 33 34 34 35 33 33 35 34 
35 34 34 34 33 33 33 35 35 34 
34 33 33 34 33 33 33 35 34 34 
34 33 33 34 34 34 33 34 34 33 
35 33 34 35 35 33 33 34 34 34 
35 33 34 33 34 34 34 34 34 34 
34 34 34 34 34 34 34 33 34 35 
33 34 34 34 34 35 35 34 33 34 
33 34 34 33 35 33 35 34 33 34 
35 34 33 34 35 33 35 34 33 34 
34 34 34 33 34 33 34 34 34 34 
34 34 34 34 34 34 33 34 34 34 
33 34 33 34 35 33 33 33 34 34 
33 34 33 33 35 33 34 33 33 33 
33 35 33 34 34 34 34 34 35 33 
34 34 34 33 34 33 33 34 35 33 
35 34 35 33 34 33 33 34 34 34 
35 34 35 33 33 33 33 33 34 34 
34 34 34 35 34 33 34 35 33 34 
34 35 34 33 34 35 34 35 33 34 
34 35 33 33 34 35 34 35 34 34 
34 35 33 34 33 34 34 33 34 34 
34 35 34 34 34 35 33 34 34 34 
34 34 34 34 35 35 33 34 33 34 
34 34 34 34 35 35 34 33 35 34 
34 34 35 35 34 33 34 33 35 34 
34 34 35 34 34 33 34 34 35 34 
34 34 35 34 34 34 34 35 35 35 
34 34 34 33 35 34 34 35 35 35 
33 34 34 33 35 34 33 34 35 35 
33 35 35 34 35 35 35 34 35 35 
34 34 34 35 35 35 35 34 35 35 
34 34 34 35 35 34 36 35 35 35 
34 34 35 34 34 35 36 35 35 34 
34 33 35 35 34 35 34 34 35 35 
34 35 35 35 34 35 34 34 33 34 
34 35 34 35 33 34 35 34 34 34 
35 35 35 35 33 34 35 34 34 34 
35 35 35 35 35 36 35 34 34 34 
35 35 35 34 35 36 35 34 33 34 
35 33 35 34 35 34 35 34 35 36 
35 33 33 35 35 34 33 34 34 35 
35 34 34 34 35 35 34 34 34 35 
35 35 35 35 35 35 34 34 35 34 
34 35 35 35 35 33 34 34 35 35 
34 34 33 34 35 35 35 34 35 35 
34 35 35 35 34 35 35 34 32 35 
34 35 35 35 34 34 33 34 34 33 
34 34 34 35 33 34 33 34 34 33 
33 35 34 35 33 34 35 34 34 34 
34 35 34 34 34 35 35 34 34 33 
34 35 34 35 35 35 35 35 34 33 
35 33 34 34 34 35 35 35 35 35 
35 33 34 34 34 35 34 34 35 35 
35 34 35 34 33 35 34 34 33 34 
35 34 35 34 33 34 33 33 34 34 
33 34 33 34 33 34 33 33 34 34 
33 34 33 34 33 33 34 35 34 34 
33 34 33 34 33 33 34 35 34 33 
33 34 33 34 35 33 34 34 34 33 
33 34 33 34 35 33 34 34 34 33 
