0 0
1 1
2 2
3 2
4 3
5 4
6 5
7 4
8 5
9 6
10 7
11 6
12 7
13 7
14 7
15 8
16 8
17 7
18 7
19 8
20 9
21 10
22 9
23 10
24 10
25 10
26 10
27 11
28 11
29 11
30 11
31 12
32 12
33 11
34 12
35 12
36 13
37 12
38 12
39 12
40 13
41 12
42 13
43 12
44 13
45 13
46 12
47 13
48 12
49 13
50 13
51 14
52 13
53 12
54 13
55 13
56 14
57 15
58 14
59 14
60 15
61 14
62 15
63 14
64 15
65 15
66 15
67 15
68 15
69 15
70 15
71 15
72 15
73 15
74 15
75 15
76 16
77 16
78 15
79 16
80 15
81 15
82 16
83 16
84 16
85 16
86 16
87 16
88 16
89 16
90 16
91 16
92 16
93 16
94 16
95 15
96 15
97 16
98 16
99 16
100 16
101 16
102 16
103 16
104 17
105 16
106 16
107 16
108 16
109 16
110 16
111 16
112 16
113 17
114 16
115 17
116 17
117 16
118 17
119 16
120 15
121 16
122 17
123 17
124 17
125 17
126 17
127 17
128 17
129 17
130 17
131 17
132 17
133 17
134 17
135 17
136 17
137 17
138 17
139 17
140 17
141 17
142 17
143 17
144 17
145 17
146 17
147 17
148 17
149 17
150 17
151 17
152 17
153 16
154 17
155 16
156 17
157 17
158 17
159 17
160 17
161 17
162 17
163 17
164 17
165 17
166 17
167 17
168 17
169 17
170 17
171 17
172 16
173 17
174 16
