0 1.06
1 1.12
2 1.12
3 1.14
4 1.2
5 1.28
6 1.24
7 1.28
8 1.3
9 1.32
10 1.3
11 1.32
12 1.32
13 1.32
14 1.36
15 1.36
16 1.34
17 1.34
18 1.38
19 1.4
20 1.42
21 1.4
22 1.42
23 1.42
24 1.42
25 1.42
26 1.44
27 1.44
28 1.44
29 1.44
30 1.48
31 1.48
32 1.44
33 1.48
34 1.48
35 1.5
36 1.48
37 1.48
38 1.48
39 1.52
40 1.5
41 1.52
42 1.5
43 1.52
44 1.52
45 1.5
46 1.52
47 1.5
48 1.52
49 1.52
50 1.56
51 1.54
52 1.52
53 1.54
54 1.54
55 1.56
56 1.58
57 1.56
58 1.56
59 1.58
60 1.56
61 1.6
62 1.58
63 1.6
64 1.6
65 1.6
66 1.6
67 1.6
68 1.6
69 1.6
70 1.6
71 1.6
72 1.6
73 1.6
74 1.6
75 1.62
76 1.62
77 1.6
78 1.62
79 1.6
80 1.6
81 1.62
82 1.62
83 1.62
84 1.62
85 1.62
86 1.62
87 1.62
88 1.62
89 1.62
90 1.62
91 1.62
92 1.62
93 1.62
94 1.6
95 1.6
96 1.62
97 1.62
98 1.62
99 1.62
100 1.62
101 1.62
102 1.62
103 1.64
104 1.62
105 1.62
106 1.62
107 1.62
108 1.62
109 1.62
110 1.62
111 1.62
112 1.64
113 1.62
114 1.64
115 1.64
116 1.62
117 1.66
118 1.64
119 1.62
120 1.64
121 1.66
122 1.66
123 1.66
124 1.66
125 1.66
126 1.66
127 1.66
128 1.66
129 1.66
130 1.66
131 1.66
132 1.66
133 1.66
134 1.66
135 1.66
136 1.66
137 1.66
138 1.66
139 1.66
140 1.66
141 1.66
142 1.66
143 1.66
144 1.66
145 1.66
146 1.66
147 1.66
148 1.66
149 1.66
150 1.66
151 1.66
152 1.64
153 1.66
154 1.64
155 1.66
156 1.66
157 1.66
158 1.66
159 1.66
160 1.66
161 1.66
162 1.66
163 1.66
164 1.66
165 1.66
166 1.66
167 1.66
168 1.66
169 1.66
170 1.66
171 1.64
172 1.66
173 1.64
