0.5 3 -0.333333 -5 0.8 -1.75 -0.142857 1 5 -0.4 -1.5 0.333333 -1 -3 -0.333333 1 1 -1 3 -0.333333 1 -0 0 0 0 0 -0.333333 -0 0 0 -0.666667 -0 0 0 1 -1 1 -2 0.5 -1 -1 -1 -0 0 0 0 0 -0 0 0 0 0 -1 -1 -0 0 2 -0.5 -1 0 0 -1 -0.5 -0 0 0 0 1 -2 -0.5 0 0 -1 1 -1 -1 -0 0 1 -2 -0.5 1 -1 -1 -1 -1 -1 -0 0 -1 -0 0 0 -1 -0 0 0 0 0 0 0 1 -1 0 0 0 -0 0 1 0 0 -2 -1 -0 0 -1 -1 -1 -0.5 0 0 0 0 0 0 0 -0 0 0 0 0 0 -0.5 1 -0 0 -1 -0 0 0 0 0 -0 0 -1 -0 0 -1 -0 0 0 -1 -0 0 0 -1 -0 0 -1 -0 0 0 0 -1 -0 0 1 0 0 1 -0 0 -1 
-2 -1 -0.166667 -3 0.666667 0 0 1.5 0.333333 -1 -3 -0.666667 -0.5 0 0 -0.333333 -0 0 -1 -1.66667 -0.4 -0.5 1 -1 -1 -1 -2 -1 0.5 -2 1.5 -0.666667 -0 0 0 0 -1 -0.5 -1 -1 3 -0.666667 -1 -1 -0 0 -1 -0 0 0 0 -0.5 1 1 1 1 -2 -0 0 0 0 -1 -1 0 0 -1 -0.333333 -0 0 -2 -0.5 -0 0 0 0 -0 0 0.5 -2 0.5 -1 0 0 0 0 0 -1 -0 0 0 -1 -2 -0.5 1 -0 0 0 0 -0 0 0 0 -1 -1 1 -1 -0 0 0 -2 -0 0 0 0.5 -2 -0.5 -1 -1 0 0 -0 0 0 0 0 0 -1 -1 -1 1 -1 -1 -2 -0.5 -1 -0 0 0 0 0 0 0 0 1 -0 0 -1 -1 -0.5 -0 0 0 0 -1 1 -2 -0.5 0 0 -1 0 0 -1 -1 -2 -1 -0.5 -0 0 -2 -0 0 0 
-1.66667 -0.6 -1.16667 -0.428571 -0.666667 1.5 0.333333 4 0 0 -1 -0 0 0 -0.666667 -0.5 1 -1 -0 0 1 -0.5 -1 1 -1 1 -1 1 0 0 0 -1 -0.333333 0 0 -0.666667 -0.5 0 0 0 -2 -0.5 -1 -1 0 0 -0.5 -1 -2 -0.5 2 -1.5 -0 0 0 0 0 0 0 1 -3 0 0 -1.5 0 0 -1 -2 -0 0 0 0 0 -0 0 0 0 0 -0.5 -1 -1 -0 0 0 -1 -0 0 0 0 0 0 0 0 -2 -0 0 1 -1 1 -0 0 0 -1 -2 0 0 0 0 1 -1 -1 -0 0 1 0 0 -3 -1 -0 0 0.5 -1 1 -0 0 -0.5 -1 -2 -1 -1 -0.5 -1 -0 0 0 0 -1 -1 -1 -1 -2 -1 -0.5 0 0 -1 1 0 0 0 1 -0 0 0 0 0 0 -2 -0 0 -1 -0 0 -1 -2 -0.5 1 -0 0 0 0 0 -1 
-1 -0.5 1 5 0.6 -1 0.333333 -2 3.5 -0.285714 -0.5 1 -1 -2 -0.5 1 -2 -0.5 -3 -1 -0.333333 4 -0.5 -0 0 0 -1 -0.5 2 -1 -0 0 1 -1 -0.5 1 -1 -0 0 -1 -0 0 0 0 -0.5 1 -0 0 0 0 -1 -0.5 0.5 -2 -1 0 0 0 -1 0 0 0 0 0 0 0 0 -0.666667 -1 -1 -0.5 0 0 0 0 -1 -1 -2 -0.5 -0 0 -1 -0 0 0 0 0 -0 0 0 0 0 0 0 0 0 -0 0 0 0 0 0 0 -1 -0 0 -2 -0 0 0 0 -1 1 -1 -0 0 0 0 0 0 0 0 0 0 0 0 0 0 0 -1 -1 0 0 0 1 -0 0 1 -2 -1 0 0 0 -0.5 -1 -2 -0.5 -0 0 0 0 0 -1 -0.5 1 -2 -1 -0 0 0 0 -1 -1 -1 -0 0 -1 -1 0 0 0 0 0 
-3.5 0.142857 2 0 0 0.333333 -1 -4 0.5 0.5 -1 -3 0 0 0 -1 -0 0 -5 -0.8 -0 0 -0.4 -0 0 0 0 0 0 -1 -1 -0.5 -2 0.5 1 -3 -0.666667 0 0 -1 -0 0 -1 -1 0 0 -0 0 0 2 -0.5 -0 0 -1 0 0 -1 -1 2 -1.5 -0.666667 0 0 0 0 0 0 0 -0 0 0 0 0 -2 0.5 0 0 -0 0 -0 0 -0.5 -0 0 0 -0 0 0 0 0 0 0 -1 -2 -0 0 0 0 0 0 1 -0 0 0 0 0 0 -2 -1 -0.5 1 -1 -0 0 -1 -0 0 0 -0.5 -1 0 0 0 0 0 0 0 0 0 -0 0 -0 0 0 0 0 0 0 -0.5 0 0 0 0 -0 0 -1 -1 -1 -0 0 0 0 0 0 0 0 -1 -1 -0 0 -1 -0.5 0 0 0 -2 -0.5 -0 0 0 -2 -1 -0.5 
-1 -4 -0.75 -0 0 1.25 0.4 -1 0.5 -1 1 1 0 0 0 0 -1 -0 0 -0.5 -0 0 0 0 0 0 0 0 0 0 0 0 0 0 0 0 0 0 0 0 0 0 0 0 0 0 -0 0 0 0 -1 -0 0 0 1 0 0 0 0 1 -1 -0 0 0 0 0 0 0 0 0 0 0 0 0 0 -0 0 -1 -1 0 0 0 0 0 0 0 0 0 0 0 0 0 0 -2 -0 0 0 0 0 0 0 0 0 1 -0 0 0 0 0 0 0 -0 0 -1 -0 0 0 0 0 0 0 0 0 0 0 0 0 0 0 -0 0 0 0 0 0 0 0 0 -0.5 0 0 0 -0 0 0 -1 -0 0 0 0 0 0 0 0 0 -2 -0 0 0 0 0 0 -1 -0 0 0 0 0 -0 0 0 -0 0 
0 -0 0 0 0 0 0.75 -0.666667 -1 1.5 0.666667 -0.5 -0 0 -2 0 0 0 0 0 2 -0.5 -0 0 0 0 0 0 0 0 0 0 0 0 0 0 0 0 0 0 0 0 0 0 0 0 0 0 0 0 0 0 0 0 0 -0 0 0 0 2 0 0 0 0 0 0 0 0 0 0 0 0 0 0 0 -0 0 0 0 0 0 0 0 0 0 0 0 0 0 0 0 0 0 0 -0 0 0 0 0 0 0 0 0 0 0 0 0 -0 0 0 0 0 0 0 0 0 0 0 0 0 0 0 0 0 0 0 0 0 0 0 0 -0 0 0 0 0 0 0 0 0 0 0 0 0 0 0 0 0 0 0 0 0 0 0 0 0 0 0 0 0 0 0 0 0 -0 0 0 0 0 0 -0 0 0 
0.142857 0 0 -0 0 0 0.714286 0.2 -5 -1 -0.2 -0 0 0 0 0 0 0 0 0 0 0 0 -0 0 0 0 0 0 0 0 0 0 0 0 0 0 0 0 0 0 0 0 0 0 0 0 0 0 0 0 0 0 0 0 0 0 0 0 0 0 0 0 0 0 0 0 0 0 0 0 0 0 0 0 0 0 0 0 0 0 0 0 0 0 0 0 0 0 0 0 0 0 0 0 0 0 0 0 0 0 0 0 0 0 0 0 0 0 0 0 0 0 0 0 0 0 0 0 0 0 0 0 0 0 0 0 0 0 0 0 0 0 0 0 0 0 0 0 0 0 0 0 0 0 0 0 -0 0 0 0 0 0 0 0 0 0 0 0 0 0 0 0 0 0 0 0 0 0 0 0 0 0 
-1 0 0 0 0 0 0.2 1 0 0 0 0 0 0 0 0 0 0 0 0 0 0 0 0 0 0 0 0 0 0 0 0 0 0 0 0 0 0 0 0 0 0 0 0 0 0 0 0 0 0 0 0 0 0 0 0 0 0 0 0 0 0 0 0 0 0 0 0 0 0 0 0 0 0 0 0 0 0 0 0 0 0 0 0 0 0 0 0 0 0 0 0 0 0 0 0 0 0 0 0 0 0 0 0 0 0 0 0 0 0 0 0 0 0 0 0 0 0 0 0 0 0 0 0 0 0 0 0 0 0 0 0 0 0 0 0 0 0 0 0 0 0 0 0 0 0 0 0 0 0 0 0 0 0 0 0 0 0 0 0 0 0 0 0 0 0 0 0 0 0 0 0 0 
0 0 0 0 0 0 0 0 0 0 0 0 0 0 0 0 0 0 0 0 0 0 0 0 0 0 0 0 0 0 0 0 0 0 0 0 0 0 0 0 0 0 0 0 0 0 0 0 0 0 0 0 0 0 0 0 0 0 0 0 0 0 0 0 0 0 0 0 0 0 0 0 0 0 0 0 0 0 0 0 0 0 0 0 0 0 0 0 0 0 0 0 0 0 0 0 0 0 0 0 0 0 0 0 0 0 0 0 0 0 0 0 0 0 0 0 0 0 0 0 0 0 0 0 0 0 0 0 0 0 0 0 0 0 0 0 0 0 0 0 0 0 0 0 0 0 0 0 0 0 0 0 0 0 0 0 0 0 0 0 0 0 0 0 0 0 0 0 0 0 0 0 0 
