0 1.5
1 2
2 1
3 1.16667
4 1.42857
5 1.4
6 0.857143
7 1.16667
8 1.07143
9 1.06667
10 0.9375
11 1.06667
12 1
13 1
14 1.125
15 1
16 0.944444
17 1
18 1.11765
19 1.05263
20 1.05
21 0.952381
22 1.05
23 1
24 1
25 1
26 1.04762
27 1
28 1
29 1
30 1.09091
31 1
32 0.916667
33 1.09091
34 1
35 1.04167
36 0.96
37 1
38 1
39 1.08333
40 0.961538
41 1.04
42 0.961538
43 1.04
44 1
45 0.961538
46 1.04
47 0.961538
48 1.04
49 1
50 1.07692
51 0.964286
52 0.962963
53 1.03846
54 1
55 1.03704
56 1.03571
57 0.965517
58 1
59 1.03571
60 0.965517
61 1.07143
62 0.966667
63 1.03448
64 1
65 1
66 1
67 1
68 1
69 1
70 1
71 1
72 1
73 1
74 1
75 1.03333
76 1
77 0.967742
78 1.03333
79 0.967742
80 1
81 1.03333
82 1
83 1
84 1
85 1
86 1
87 1
88 1
89 1
90 1
91 1
92 1
93 1
94 0.967742
95 1
96 1.03333
97 1
98 1
99 1
100 1
101 1
102 1
103 1.03226
104 0.96875
105 1
106 1
107 1
108 1
109 1
110 1
111 1
112 1.03226
113 0.96875
114 1.03226
115 1
116 0.96875
117 1.06452
118 0.969697
119 0.96875
120 1.03226
121 1.03125
122 1
123 1
124 1
125 1
126 1
127 1
128 1
129 1
130 1
131 1
132 1
133 1
134 1
135 1
136 1
137 1
138 1
139 1
140 1
141 1
142 1
143 1
144 1
145 1
146 1
147 1
148 1
149 1
150 1
151 1
152 0.969697
153 1.03125
154 0.969697
155 1.03125
156 1
157 1
158 1
159 1
160 1
161 1
162 1
163 1
164 1
165 1
166 1
167 1
168 1
169 1
170 1
171 0.969697
172 1.03125
173 0.969697
