0 100
1 100
2 104
3 102
4 92
5 104
6 104
7 90
8 104
9 100
10 104
11 106
12 92
13 106
14 88
15 106
16 104
17 104
18 96
19 100
20 106
21 94
22 112
23 102
24 102
25 104
26 100
27 106
28 104
29 100
30 112
31 106
32 100
33 104
34 104
35 112
36 110
37 104
38 114
39 106
40 108
41 106
42 108
43 104
44 106
45 120
46 110
47 108
48 116
49 128
50 114
51 112
52 122
53 114
54 114
55 114
56 114
57 118
58 116
59 116
60 124
61 116
62 118
63 116
64 116
65 118
66 120
67 114
68 114
69 128
70 122
71 128
72 118
73 118
74 124
75 128
76 118
77 122
78 124
79 118
80 130
81 120
82 130
83 128
84 126
85 128
86 132
87 126
88 122
89 122
90 120
91 124
92 124
93 130
94 128
95 128
96 124
97 128
98 130
99 128
100 130
101 130
102 128
103 130
104 126
105 126
106 132
107 128
108 128
109 132
110 126
111 128
112 132
113 132
114 128
115 130
116 130
117 128
118 128
119 130
120 136
121 128
122 134
123 134
124 132
125 130
126 128
127 128
128 134
129 134
130 130
131 132
132 136
133 130
134 132
135 132
136 132
137 132
138 132
139 130
140 132
141 134
142 130
143 132
144 134
145 134
146 132
147 130
148 132
149 138
150 132
151 132
152 130
153 130
154 134
155 132
156 138
157 132
158 132
159 138
160 140
161 138
162 134
163 134
164 136
165 142
166 136
167 132
168 132
169 134
170 136
171 134
172 134
173 138
174 140
175 134
176 132
177 134
178 140
179 140
180 140
181 134
182 140
183 138
184 142
185 142
186 140
187 138
188 138
189 142
190 140
191 138
192 138
193 140
194 138
195 138
196 138
197 140
198 142
199 138
200 138
201 142
202 140
203 138
204 144
205 140
206 138
207 142
208 140
209 140
210 144
211 140
212 140
213 142
214 144
215 140
216 138
217 140
218 140
219 142
220 140
221 142
222 140
223 142
224 138
225 142
226 144
227 144
228 142
229 148
230 142
231 142
232 140
233 140
234 144
235 148
236 148
237 140
238 144
239 144
240 144
241 142
242 144
243 142
244 144
245 144
246 144
247 144
248 148
249 146
250 146
251 144
252 144
253 144
254 148
255 148
256 144
257 150
258 146
259 150
260 146
261 148
262 146
263 148
264 144
265 144
266 144
267 148
268 146
269 148
270 144
271 146
272 148
273 146
274 148
275 150
276 144
277 148
278 150
279 152
280 148
281 146
282 150
283 146
284 148
285 150
286 152
287 146
288 148
289 148
290 148
291 148
292 150
293 148
294 152
295 146
296 148
297 148
298 150
299 148
300 148
301 152
302 150
303 150
304 148
305 150
306 148
307 148
308 150
309 150
310 150
311 152
312 148
313 148
314 148
315 148
316 148
317 150
318 148
319 148
320 152
321 152
322 152
323 148
324 148
325 150
326 148
327 152
328 152
329 150
330 156
331 154
332 150
333 152
334 148
335 154
336 148
337 152
338 148
339 150
340 150
341 148
342 152
343 152
344 152
345 148
346 154
347 150
348 148
349 154
350 150
351 154
352 152
353 150
354 152
355 150
356 150
357 156
358 152
359 154
360 152
361 152
362 150
363 152
364 158
365 156
366 154
367 154
368 152
369 156
370 154
371 156
372 154
373 152
374 152
375 150
376 154
377 154
378 156
379 152
380 154
381 156
382 154
383 154
384 154
385 158
386 154
387 152
388 156
389 154
390 152
391 154
392 152
393 156
394 156
395 152
396 160
397 158
398 154
399 156
400 154
401 156
402 154
403 158
404 154
405 156
406 154
407 156
408 154
409 160
410 154
411 154
412 156
413 158
414 156
415 154
416 160
417 160
418 154
419 158
420 156
421 154
422 160
423 156
424 160
425 158
426 158
427 158
428 160
429 160
430 158
431 158
432 156
433 156
434 160
435 158
436 156
437 156
438 156
439 156
440 156
441 156
442 160
443 156
444 158
445 160
446 156
447 156
448 158
449 158
450 158
451 158
452 158
453 158
454 160
455 160
456 158
457 158
458 158
459 158
460 158
461 156
462 158
463 156
464 156
465 158
466 156
467 158
468 160
469 158
470 156
471 156
472 156
473 162
474 156
475 156
476 156
477 156
478 156
479 156
480 156
481 158
482 156
483 160
484 156
485 156
486 160
487 160
488 156
489 158
490 162
491 160
492 160
493 160
494 156
495 158
496 160
497 158
498 158
499 158
500 158
501 160
502 158
503 156
504 156
505 160
506 158
507 158
508 158
509 158
510 160
511 162
512 160
513 162
514 158
515 160
516 158
517 158
518 158
519 160
520 158
521 158
522 158
523 158
524 160
525 160
526 158
527 160
528 160
529 158
530 158
531 158
532 160
533 158
534 160
535 160
536 158
537 160
538 158
539 158
540 158
541 158
542 158
543 160
544 158
545 158
546 160
547 158
548 160
549 158
550 158
551 160
552 160
553 158
554 162
555 158
556 158
557 160
558 158
559 162
560 160
561 160
562 160
563 160
564 160
565 162
566 160
567 162
568 162
569 158
570 158
571 158
572 160
573 158
574 158
575 158
576 158
577 158
578 158
579 158
580 160
581 160
582 158
583 158
584 162
585 162
586 160
587 162
588 158
589 162
590 158
591 160
592 158
593 162
594 162
595 158
596 158
597 160
598 162
599 158
600 158
601 160
602 160
603 160
604 158
605 158
606 160
607 158
608 158
609 160
610 160
611 160
612 158
613 158
614 164
615 158
616 160
617 160
618 160
619 162
620 160
621 160
622 158
623 160
624 160
625 162
626 162
627 160
628 158
629 160
630 162
631 162
632 160
633 160
634 158
635 160
636 162
637 158
638 158
639 160
640 158
641 160
642 160
643 160
644 158
645 162
646 162
647 162
648 158
649 160
650 158
651 162
652 162
653 158
654 160
655 160
656 160
657 160
658 158
659 158
660 158
661 162
662 160
663 164
664 158
665 158
666 160
667 160
668 160
669 162
670 160
671 162
672 160
673 162
674 162
675 160
676 164
677 162
678 160
679 162
680 160
681 164
682 160
683 162
684 160
685 160
686 160
687 162
688 160
689 160
690 164
691 160
692 166
693 160
694 162
695 160
696 160
697 164
698 162
699 162
700 160
701 162
702 162
703 162
704 162
705 160
706 164
707 162
708 164
709 164
710 160
711 166
712 164
713 162
714 164
715 162
716 166
717 164
718 162
719 162
720 162
721 166
722 162
723 162
724 164
725 164
726 164
727 164
728 166
729 162
730 162
731 164
732 164
733 166
734 162
735 164
736 166
737 164
738 166
739 164
740 164
741 164
742 162
743 162
744 162
745 164
746 162
747 164
748 166
749 166
750 164
751 162
752 164
753 162
754 166
755 162
756 164
757 164
758 162
759 162
760 164
761 164
762 166
763 162
764 166
765 162
766 166
767 166
768 166
769 162
770 164
771 162
772 162
773 162
774 164
775 164
776 164
777 166
778 162
779 162
780 164
781 162
782 164
783 162
784 162
785 162
786 162
787 162
788 164
789 164
790 162
791 162
792 162
793 166
794 162
795 162
796 162
797 162
798 164
799 162
800 164
801 164
802 164
803 162
804 162
805 166
806 164
807 166
808 166
809 166
810 164
811 162
812 166
813 162
814 166
815 164
816 162
817 162
818 164
819 164
820 162
821 162
822 166
823 162
824 164
825 164
826 162
827 162
828 162
829 162
830 166
831 164
832 162
833 162
834 166
835 164
836 166
837 162
838 162
839 162
840 166
841 162
842 164
843 162
844 166
845 164
846 166
847 162
848 162
849 162
850 162
851 162
852 166
853 166
854 164
855 162
856 162
857 162
858 162
859 164
860 166
861 166
862 162
863 162
864 164
865 164
866 166
867 164
868 162
869 162
870 164
871 162
872 162
873 164
874 164
875 162
876 162
877 162
878 162
879 166
880 164
881 162
882 164
883 164
884 164
885 164
886 166
887 166
888 164
889 162
890 164
891 166
892 166
893 162
894 162
895 164
896 166
897 162
898 162
899 166
900 162
901 164
902 166
903 162
904 164
905 162
906 164
907 164
908 162
909 162
910 162
911 162
912 162
913 162
914 162
915 162
916 164
917 164
918 162
919 166
920 162
921 164
922 162
923 166
924 162
925 162
926 166
927 162
928 162
929 164
930 166
931 166
932 164
933 164
934 166
935 164
936 162
937 162
938 166
939 162
940 162
941 164
942 162
943 162
944 162
945 162
946 166
947 162
948 162
949 166
950 164
951 166
952 164
953 164
954 166
955 166
956 164
957 162
958 162
959 164
960 166
961 166
962 164
963 162
964 164
965 164
966 164
967 166
968 164
969 166
970 162
971 164
972 164
973 164
974 162
975 162
976 164
977 164
978 166
979 164
980 164
981 162
982 162
983 162
984 164
985 164
986 162
987 162
988 164
989 164
990 162
991 162
992 164
993 166
994 162
995 162
996 164
997 162
998 164
999 162
