0 0.0192308
1 0.0566038
2 0
3 0.0178571
4 0.0526316
5 0.0666667
6 -0.03125
7 0.0322581
8 0.015625
9 0.0153846
10 -0.0151515
11 0.0153846
12 0
13 0
14 0.030303
15 0
16 -0.0147059
17 0
18 0.0298507
19 0.0144928
20 0.0142857
21 -0.0140845
22 0.0142857
23 0
24 0
25 0
26 0.0140845
27 0
28 0
29 0
30 0.0277778
31 0
32 -0.027027
33 0.0277778
34 0
35 0.0135135
36 -0.0133333
37 0
38 0
39 0.027027
40 -0.0131579
41 0.0133333
42 -0.0131579
43 0.0133333
44 0
45 -0.0131579
46 0.0133333
47 -0.0131579
48 0.0133333
49 0
50 0.0263158
51 -0.0128205
52 -0.012987
53 0.0131579
54 0
55 0.012987
56 0.0128205
57 -0.0126582
58 0
59 0.0128205
60 -0.0126582
61 0.025641
62 -0.0125
63 0.0126582
64 0
65 0
66 0
67 0
68 0
69 0
70 0
71 0
72 0
73 0
74 0
75 0.0125
76 0
77 -0.0123457
78 0.0125
79 -0.0123457
80 0
81 0.0125
82 0
83 0
84 0
85 0
86 0
87 0
88 0
89 0
90 0
91 0
92 0
93 0
94 -0.0123457
95 0
96 0.0125
97 0
98 0
99 0
100 0
101 0
102 0
103 0.0123457
104 -0.0121951
105 0
106 0
107 0
108 0
109 0
110 0
111 0
112 0.0123457
113 -0.0121951
114 0.0123457
115 0
116 -0.0121951
117 0.0246914
118 -0.0120482
119 -0.0121951
120 0.0123457
121 0.0121951
122 0
123 0
124 0
125 0
126 0
127 0
128 0
129 0
130 0
131 0
132 0
133 0
134 0
135 0
136 0
137 0
138 0
139 0
140 0
141 0
142 0
143 0
144 0
145 0
146 0
147 0
148 0
149 0
150 0
151 0
152 -0.0120482
153 0.0121951
154 -0.0120482
155 0.0121951
156 0
157 0
158 0
159 0
160 0
161 0
162 0
163 0
164 0
165 0
166 0
167 0
168 0
169 0
170 0
171 -0.0120482
172 0.0121951
173 -0.0120482
