0 4.05578e-320
1 104
2 106
3 112
4 112
5 114
6 120
7 128
8 128
9 128
10 130
11 132
12 132
13 132
14 132
15 132
16 136
17 136
18 136
19 136
20 138
21 140
22 142
23 142
24 142
25 142
26 142
27 142
28 144
29 144
30 144
31 144
32 148
33 148
34 148
35 148
36 148
37 150
38 150
39 150
40 150
41 152
42 152
43 152
44 152
45 152
46 152
47 152
48 152
49 152
50 152
51 152
52 156
53 156
54 156
55 156
56 156
57 156
58 158
59 158
60 158
61 158
62 158
63 160
64 160
65 160
66 160
67 160
68 160
69 160
70 160
71 160
72 160
73 160
74 160
75 160
76 160
77 162
78 162
79 162
80 162
81 162
82 162
83 162
84 162
85 162
86 162
87 162
88 162
89 162
90 162
91 162
92 162
93 162
94 162
95 162
96 162
97 162
98 162
99 162
100 162
101 162
102 162
103 162
104 162
105 164
106 164
107 164
108 164
109 164
110 164
111 164
112 164
113 164
114 164
115 164
116 164
117 164
118 164
119 166
120 166
121 166
122 166
123 166
124 166
125 166
126 166
127 166
128 166
129 166
130 166
131 166
132 166
133 166
134 166
135 166
136 166
137 166
138 166
139 166
140 166
141 166
142 166
143 166
144 166
145 166
146 166
147 166
148 166
149 166
150 166
151 166
152 166
153 166
154 166
155 166
156 166
157 166
158 166
159 166
160 166
161 166
162 166
163 166
164 166
165 166
166 166
167 166
168 166
169 166
170 166
171 166
172 166
173 166
174 166
175 166
