0 2
1 6
2 0
3 2
4 6
5 8
6 0
7 4
8 2
9 2
10 0
11 2
12 0
13 0
14 4
15 0
16 0
17 0
18 4
19 2
20 2
21 0
22 2
23 0
24 0
25 0
26 2
27 0
28 0
29 0
30 4
31 0
32 0
33 4
34 0
35 2
36 0
37 0
38 0
39 4
40 0
41 2
42 0
43 2
44 0
45 0
46 2
47 0
48 2
49 0
50 4
51 0
52 0
53 2
54 0
55 2
56 2
57 0
58 0
59 2
60 0
61 4
62 0
63 2
64 0
65 0
66 0
67 0
68 0
69 0
70 0
71 0
72 0
73 0
74 0
75 2
76 0
77 0
78 2
79 0
80 0
81 2
82 0
83 0
84 0
85 0
86 0
87 0
88 0
89 0
90 0
91 0
92 0
93 0
94 0
95 0
96 2
97 0
98 0
99 0
100 0
101 0
102 0
103 2
104 0
105 0
106 0
107 0
108 0
109 0
110 0
111 0
112 2
113 0
114 2
115 0
116 0
117 4
118 0
119 0
120 2
121 2
122 0
123 0
124 0
125 0
126 0
127 0
128 0
129 0
130 0
131 0
132 0
133 0
134 0
135 0
136 0
137 0
138 0
139 0
140 0
141 0
142 0
143 0
144 0
145 0
146 0
147 0
148 0
149 0
150 0
151 0
152 0
153 2
154 0
155 2
156 0
157 0
158 0
159 0
160 0
161 0
162 0
163 0
164 0
165 0
166 0
167 0
168 0
169 0
170 0
171 0
172 2
173 0
