0 0.51
1 0.53
2 0.52
3 0.5
4 0.47
5 0.53
6 0.54
7 0.5
8 0.47
9 0.52
10 0.51
11 0.49
12 0.5
13 0.52
14 0.48
15 0.5
16 0.51
17 0.49
18 0.5
19 0.5
20 0.47
21 0.5
22 0.52
23 0.49
24 0.5
25 0.51
26 0.51
27 0.49
28 0.5
29 0.52
30 0.52
31 0.52
32 0.52
33 0.52
34 0.53
35 0.55
36 0.51
37 0.52
38 0.53
39 0.51
40 0.51
41 0.49
42 0.51
43 0.51
44 0.52
45 0.52
46 0.51
47 0.51
48 0.51
49 0.52
50 0.53
51 0.53
52 0.52
53 0.52
54 0.52
55 0.5
56 0.5
57 0.51
58 0.51
59 0.51
60 0.51
61 0.51
62 0.51
63 0.5
64 0.5
65 0.51
66 0.49
67 0.5
68 0.52
69 0.52
70 0.5
71 0.51
72 0.51
73 0.52
74 0.52
75 0.52
76 0.52
77 0.5
78 0.51
79 0.49
80 0.49
81 0.51
82 0.49
83 0.49
84 0.5
85 0.5
86 0.49
87 0.49
88 0.49
89 0.49
90 0.51
91 0.51
92 0.51
93 0.51
94 0.49
95 0.49
96 0.51
97 0.51
98 0.49
99 0.49
100 0.51
101 0.49
102 0.49
103 0.49
104 0.51
105 0.51
106 0.51
107 0.51
108 0.49
109 0.48
110 0.48
111 0.51
112 0.49
113 0.51
114 0.51
115 0.51
116 0.48
117 0.51
118 0.49
119 0.49
120 0.49
121 0.49
122 0.52
123 0.52
124 0.52
125 0.51
126 0.52
127 0.53
128 0.5
129 0.52
130 0.49
131 0.52
132 0.52
133 0.52
134 0.5
135 0.5
136 0.51
137 0.51
138 0.5
139 0.49
140 0.5
141 0.51
142 0.5
143 0.52
144 0.52
145 0.5
146 0.49
147 0.5
148 0.49
149 0.5
150 0.52
151 0.53
152 0.51
153 0.49
154 0.5
155 0.5
156 0.51
157 0.51
158 0.49
159 0.49
160 0.51
161 0.51
162 0.5
163 0.52
164 0.52
165 0.51
166 0.49
167 0.5
168 0.5
169 0.51
170 0.52
171 0.5
172 0.51
173 0.5
