4 6 12 10 20 28 14 16 18 28 24 30 32 30 36 34 32 30 32 38 36 34 34 38 38 38 44 42 42 42 48 44 44 44 46 48 46 44 48 50 48 50 48 48 50 50 50 48 48 52 52 52 50 52 50 50 52 56 54 56 56 52 56 54 54 56 56 58 60 56 58 58 60 58 56 58 56 56 58 60 56 58 60 58 60 58 60 58 58 60 58 58 58 60 58 58 58 62 62 62 62 60 58 60 60 60 58 58 60 62 62 60 64 60 60 64 60 64 60 62 62 64 64 64 64 64 62 62 62 62 62 62 66 64 62 62 64 62 62 62 64 64 62 62 66 62 62 64 62 62 62 66 62 62 62 66 62 62 64 62 62 62 62 66 62 62 64 66 66 64 62 62 64 62 
6 -6 6 4 10 14 14 18 24 26 24 30 26 28 28 34 32 32 38 32 42 38 40 42 40 42 40 44 40 38 42 48 44 44 44 44 48 44 46 44 46 52 48 52 48 48 50 48 48 52 52 48 50 52 54 56 58 54 54 54 54 60 54 60 60 54 60 58 58 56 60 58 58 58 58 56 56 60 62 58 56 58 58 58 58 58 60 58 58 58 60 58 62 60 58 58 60 60 58 58 58 58 60 58 60 62 60 60 60 62 58 58 58 62 64 60 62 60 62 62 60 60 62 62 64 64 62 64 62 64 66 64 66 62 64 62 62 62 62 62 62 66 66 64 62 62 66 62 66 64 64 64 64 62 64 66 62 64 64 62 64 64 66 64 66 62 66 64 64 66 62 62 62 62 
-8 12 0 14 8 12 18 20 28 28 30 28 28 28 34 30 32 34 32 32 36 40 38 40 42 40 38 40 42 42 42 48 42 44 44 50 46 48 48 48 50 46 48 46 48 48 52 50 52 48 50 54 48 48 52 52 56 56 56 54 52 58 58 54 60 60 58 60 56 56 56 58 58 56 56 56 56 56 60 58 60 58 58 58 60 58 58 58 60 60 60 60 60 62 58 58 60 62 60 58 58 58 60 58 62 62 62 62 60 58 60 58 58 60 62 62 60 66 60 60 64 66 64 62 62 66 64 66 62 66 62 64 62 62 64 64 62 64 62 64 62 66 62 64 64 62 64 66 66 66 64 62 62 62 64 64 64 66 62 62 64 62 62 64 62 66 64 62 62 62 64 64 62 64 
6 2 4 6 16 22 16 14 18 32 28 30 32 30 34 32 30 34 32 38 32 34 42 38 38 38 42 38 40 44 40 40 44 48 44 46 48 46 46 50 46 46 48 48 52 50 48 48 48 48 56 48 52 54 50 54 54 54 52 54 54 54 54 54 54 54 54 60 56 60 56 58 58 58 58 56 58 56 60 58 58 60 58 58 60 60 60 58 58 58 58 58 60 60 60 60 58 58 58 60 60 60 60 64 60 60 62 58 58 60 60 58 60 62 60 60 60 60 60 62 62 62 62 62 62 62 64 64 64 66 64 66 66 66 64 62 62 64 66 62 66 66 66 62 64 62 66 64 64 66 66 66 62 66 64 62 66 62 62 62 62 66 62 66 62 62 64 62 64 64 64 64 64 62 
-12 2 4 8 8 14 16 14 22 26 28 26 32 32 32 36 32 32 30 40 32 32 42 38 38 38 40 40 40 44 40 44 42 46 48 50 44 48 48 52 48 48 50 48 50 50 48 48 48 50 54 52 52 50 52 52 54 52 54 58 52 56 56 56 58 58 58 58 56 56 56 58 58 56 60 62 62 60 60 58 58 62 60 60 60 58 58 60 60 60 62 62 60 62 58 58 58 58 62 62 60 58 58 58 60 60 60 58 62 58 60 62 60 60 62 60 60 60 64 62 64 64 66 66 66 66 66 66 66 64 64 62 62 62 66 66 66 66 62 64 64 64 64 62 62 66 62 66 62 62 62 62 64 64 64 64 62 64 62 62 66 62 64 64 64 62 66 64 64 64 66 62 66 64 
6 4 12 6 6 14 24 28 24 22 24 26 28 28 30 30 34 30 30 38 34 34 40 40 40 40 40 40 40 42 42 42 44 44 44 44 44 44 44 44 44 44 44 44 50 50 48 48 48 48 50 48 48 48 50 52 52 52 52 54 56 54 54 58 58 58 58 58 58 58 58 58 58 58 58 56 56 60 56 60 60 60 60 60 60 60 60 60 60 60 60 60 60 62 58 58 62 62 62 62 62 62 62 60 58 58 60 60 60 62 62 60 60 62 60 60 60 60 60 62 62 62 62 62 62 62 62 64 64 62 62 66 66 66 66 66 66 66 62 64 64 64 62 62 62 64 62 62 62 62 62 62 64 64 64 66 62 62 62 62 62 62 66 62 62 66 66 66 64 64 64 62 62 62 
4 0 0 8 8 8 16 22 18 22 28 32 30 30 28 32 32 32 34 34 36 40 38 38 38 38 44 44 44 44 44 44 44 44 44 44 44 46 46 46 46 46 46 46 48 48 48 48 48 48 48 48 48 54 54 50 50 50 50 52 56 56 56 56 56 56 56 56 56 56 56 60 60 60 60 56 56 56 58 58 58 62 62 62 62 62 62 62 62 62 62 62 62 62 58 58 58 58 58 58 58 58 58 58 60 60 60 58 58 58 58 58 58 62 62 62 62 62 62 62 62 62 62 62 62 62 62 64 64 64 64 62 62 62 62 62 62 62 62 62 62 62 62 62 62 62 62 62 62 62 62 62 62 62 62 66 66 66 66 66 66 66 66 66 62 62 62 62 66 66 64 64 64 64 
4 6 6 4 4 4 18 28 30 20 30 28 28 28 28 32 32 32 32 34 34 40 40 38 38 38 40 40 40 40 40 40 40 40 40 40 40 40 40 40 40 40 40 40 40 40 40 40 40 40 40 40 40 40 40 40 40 40 40 40 40 40 40 40 40 40 40 56 56 56 56 56 56 56 56 56 56 56 56 56 56 58 58 58 58 58 58 58 58 58 58 58 58 58 58 58 58 58 58 58 58 58 58 58 58 58 58 58 58 58 58 58 58 58 58 58 58 58 58 58 58 58 58 58 58 58 58 64 64 64 64 66 66 66 66 66 66 66 66 66 66 66 66 66 66 66 66 62 62 62 62 62 62 62 62 62 62 62 62 62 62 62 62 62 62 62 62 62 62 62 62 62 62 62 
-4 4 4 6 6 6 16 18 20 20 28 28 28 28 28 28 28 28 28 28 28 40 40 40 40 40 40 40 40 40 40 40 40 40 40 40 40 40 40 40 40 40 40 40 40 40 40 40 40 40 40 40 40 40 40 40 40 40 40 40 40 40 40 40 40 40 40 40 40 40 40 40 40 40 40 56 56 56 56 56 56 56 56 56 56 56 56 56 56 56 56 56 56 56 56 56 56 56 56 56 56 56 56 56 56 56 56 56 56 56 56 56 56 56 56 56 56 56 56 56 56 56 56 56 56 56 56 56 56 56 56 56 56 56 56 56 56 56 56 56 56 56 56 56 56 56 62 62 62 62 62 62 62 62 62 62 62 62 62 62 62 62 62 62 62 62 62 62 62 62 62 62 62 62 
0 0 0 0 0 0 0 0 30 30 30 30 30 30 30 30 30 30 30 30 30 30 30 30 30 30 30 30 30 30 30 30 30 30 30 30 30 30 30 30 30 30 30 30 30 30 30 30 30 30 30 30 30 30 30 30 30 30 30 30 30 30 30 30 30 30 30 30 30 30 30 30 30 30 30 30 30 30 30 30 30 30 30 30 30 30 30 30 30 30 30 30 30 30 30 30 30 30 30 30 30 30 30 30 30 30 30 30 30 30 30 30 30 30 30 30 30 30 30 30 30 30 30 30 30 30 30 30 30 30 30 30 30 30 30 30 30 30 30 30 30 30 30 30 30 30 30 30 30 30 30 30 30 30 30 30 30 30 30 30 30 30 30 30 30 30 30 30 30 30 30 30 30 30 
