0 -0.06
1 -0.12
2 -0.12
3 -0.14
4 -0.2
5 -0.28
6 -0.24
7 -0.28
8 -0.3
9 -0.32
10 -0.3
11 -0.32
12 -0.32
13 -0.32
14 -0.36
15 -0.36
16 -0.34
17 -0.34
18 -0.38
19 -0.4
20 -0.42
21 -0.4
22 -0.42
23 -0.42
24 -0.42
25 -0.42
26 -0.44
27 -0.44
28 -0.44
29 -0.44
30 -0.48
31 -0.48
32 -0.44
33 -0.48
34 -0.48
35 -0.5
36 -0.48
37 -0.48
38 -0.48
39 -0.52
40 -0.5
41 -0.52
42 -0.5
43 -0.52
44 -0.52
45 -0.5
46 -0.52
47 -0.5
48 -0.52
49 -0.52
50 -0.56
51 -0.54
52 -0.52
53 -0.54
54 -0.54
55 -0.56
56 -0.58
57 -0.56
58 -0.56
59 -0.58
60 -0.56
61 -0.6
62 -0.58
63 -0.6
64 -0.6
65 -0.6
66 -0.6
67 -0.6
68 -0.6
69 -0.6
70 -0.6
71 -0.6
72 -0.6
73 -0.6
74 -0.6
75 -0.62
76 -0.62
77 -0.6
78 -0.62
79 -0.6
80 -0.6
81 -0.62
82 -0.62
83 -0.62
84 -0.62
85 -0.62
86 -0.62
87 -0.62
88 -0.62
89 -0.62
90 -0.62
91 -0.62
92 -0.62
93 -0.62
94 -0.6
95 -0.6
96 -0.62
97 -0.62
98 -0.62
99 -0.62
100 -0.62
101 -0.62
102 -0.62
103 -0.64
104 -0.62
105 -0.62
106 -0.62
107 -0.62
108 -0.62
109 -0.62
110 -0.62
111 -0.62
112 -0.64
113 -0.62
114 -0.64
115 -0.64
116 -0.62
117 -0.66
118 -0.64
119 -0.62
120 -0.64
121 -0.66
122 -0.66
123 -0.66
124 -0.66
125 -0.66
126 -0.66
127 -0.66
128 -0.66
129 -0.66
130 -0.66
131 -0.66
132 -0.66
133 -0.66
134 -0.66
135 -0.66
136 -0.66
137 -0.66
138 -0.66
139 -0.66
140 -0.66
141 -0.66
142 -0.66
143 -0.66
144 -0.66
145 -0.66
146 -0.66
147 -0.66
148 -0.66
149 -0.66
150 -0.66
151 -0.66
152 -0.64
153 -0.66
154 -0.64
155 -0.66
156 -0.66
157 -0.66
158 -0.66
159 -0.66
160 -0.66
161 -0.66
162 -0.66
163 -0.66
164 -0.66
165 -0.66
166 -0.66
167 -0.66
168 -0.66
169 -0.66
170 -0.66
171 -0.64
172 -0.66
173 -0.64
