38 38 35 34 34 39 35 37 37 35 
37 35 35 38 35 37 35 37 38 38 
37 37 34 35 34 36 35 38 35 37 
33 33 37 37 35 34 35 38 35 37 
39 35 35 35 34 34 35 36 34 34 
39 35 35 35 34 38 33 35 34 34 
33 34 36 34 33 38 33 35 34 36 
37 34 37 33 33 34 34 33 37 35 
37 36 38 33 35 33 38 33 37 36 
37 36 36 37 37 37 38 37 35 38 
35 36 36 36 36 36 36 36 35 35 
35 36 37 36 35 36 37 36 36 36 
37 35 36 36 36 36 35 36 36 36 
36 37 35 36 36 36 35 36 36 37 
36 37 35 36 36 36 37 36 35 37 
36 35 35 35 36 35 36 36 35 37 
36 35 36 35 36 35 36 36 35 36 
36 36 36 35 36 35 35 35 36 36 
36 36 35 36 35 36 36 35 36 36 
36 36 36 36 36 35 36 35 35 35 
35 36 36 36 36 35 36 35 35 35 
36 35 36 36 36 35 36 35 36 35 
37 35 36 36 35 37 35 35 35 35 
37 37 35 34 35 35 36 34 35 35 
35 36 34 35 34 35 36 34 35 36 
35 36 34 35 34 35 34 35 35 34 
34 35 35 36 34 35 34 35 35 34 
35 35 35 36 35 35 35 36 35 35 
35 35 35 35 35 35 36 35 35 35 
34 35 36 35 35 35 36 35 35 35 
34 35 36 36 35 35 36 35 35 35 
35 35 36 36 35 35 36 35 35 36 
35 35 36 36 36 35 36 35 35 36 
36 35 35 36 35 35 36 35 35 35 
36 35 35 36 35 36 35 36 36 36 
36 36 36 35 35 36 35 36 36 36 
36 36 36 35 35 36 35 36 36 36 
35 36 36 35 35 36 35 36 36 36 
36 35 36 35 35 36 35 36 35 36 
36 35 35 35 36 36 35 36 35 36 
36 35 35 35 36 37 36 35 35 37 
37 36 36 37 36 37 36 35 35 37 
37 36 36 37 36 36 36 36 35 37 
36 36 36 37 36 36 36 36 36 35 
36 36 36 36 37 37 36 36 36 35 
36 37 37 36 37 37 36 36 36 37 
36 37 37 36 37 36 37 37 36 37 
37 37 36 36 36 36 37 37 36 36 
37 37 36 36 36 37 37 37 36 36 
36 37 36 36 36 37 37 37 37 36 
36 36 36 37 37 36 37 37 37 36 
37 37 36 37 37 36 37 37 36 36 
37 37 36 36 36 37 36 36 36 36 
37 36 36 36 36 37 36 36 36 36 
37 36 36 37 37 36 37 37 37 37 
37 37 37 37 37 37 37 37 37 37 
37 36 37 37 37 37 36 37 37 37 
37 36 37 37 37 37 37 36 37 37 
37 37 37 37 37 36 37 36 37 37 
37 37 37 37 37 36 37 37 37 36 
37 38 37 37 37 38 37 37 37 36 
37 37 37 37 38 38 37 37 38 37 
37 37 37 37 38 37 38 38 37 37 
37 37 37 37 38 37 37 37 37 37 
38 38 37 38 38 37 37 37 37 39 
38 38 37 38 38 37 38 38 37 39 
38 39 38 38 38 37 38 38 37 39 
38 39 38 38 38 38 38 38 37 39 
38 38 38 39 38 38 39 38 38 38 
38 38 38 39 38 39 38 38 38 38 
38 38 38 38 38 39 38 38 38 38 
38 38 38 38 38 38 39 38 38 38 
39 38 38 38 38 38 39 38 38 38 
39 38 38 38 38 38 38 38 38 38 
38 37 38 38 38 38 38 38 38 39 
38 37 38 38 38 38 38 38 38 39 
38 38 38 38 38 38 37 38 38 38 
38 39 38 38 38 38 37 38 38 38 
38 39 38 38 38 38 39 38 39 38 
38 38 39 38 39 38 39 38 39 38 
38 37 38 38 39 38 38 39 38 37 
38 37 38 38 39 38 38 39 38 37 
39 38 38 39 38 38 38 38 39 38 
39 38 38 39 38 38 39 39 38 39 
38 38 38 38 38 38 39 39 38 39 
38 38 38 38 38 38 38 38 39 39 
38 38 38 38 38 38 38 38 39 39 
38 38 38 38 38 38 38 39 38 39 
39 39 38 39 38 38 38 39 38 38 
39 39 38 39 38 38 38 38 38 38 
39 39 38 39 38 38 38 38 38 39 
38 39 38 38 39 38 38 38 38 39 
38 39 38 38 39 39 38 38 38 39 
38 38 38 38 39 39 38 38 39 38 
38 38 38 38 38 39 39 39 38 38 
38 38 39 38 39 39 39 39 38 39 
38 38 39 38 39 39 38 38 39 39 
38 38 38 38 39 39 38 38 39 38 
38 38 38 38 39 39 38 39 38 38 
38 38 38 38 39 39 38 39 38 39 
38 38 38 38 39 39 38 38 38 39 
38 39 39 38 39 39 38 38 39 38 
38 39 39 39 38 38 38 38 39 38 
38 39 39 39 38 38 38 38 38 38 
38 39 38 38 39 38 39 38 38 38 
38 39 39 39 39 38 39 38 38 39 
38 39 39 39 39 39 38 39 38 39 
39 38 38 38 39 39 38 39 39 38 
39 38 38 38 38 39 39 38 38 39 
39 39 38 39 39 39 39 38 38 39 
39 39 38 39 39 39 38 39 38 38 
39 39 39 38 39 39 38 39 38 38 
38 39 39 38 39 39 38 38 38 39 
38 39 39 38 38 39 39 39 38 39 
38 38 38 39 39 39 39 39 38 38 
39 38 38 39 39 38 38 38 38 38 
39 38 38 38 38 38 38 38 38 38 
39 38 38 38 38 38 38 39 38 38 
39 38 39 38 38 38 38 39 38 38 
39 38 39 39 39 38 39 39 38 38 
39 39 38 39 39 38 39 39 39 38 
39 39 38 39 38 39 39 39 39 38 
38 38 38 39 38 39 39 39 39 39 
38 38 38 38 38 38 38 39 39 39 
38 38 39 39 38 38 38 39 38 38 
38 38 39 39 38 39 38 39 38 38 
38 38 39 39 38 39 39 38 39 38 
38 39 39 38 38 39 39 38 39 38 
38 38 39 38 38 38 38 38 39 38 
38 38 38 39 38 38 38 38 39 38 
38 39 38 39 38 38 38 39 39 38 
38 39 38 39 39 38 38 39 39 38 
38 38 38 38 39 38 39 39 39 39 
38 38 38 38 39 38 39 39 39 39 
38 39 39 38 39 38 39 39 39 39 
38 39 39 38 38 38 39 38 39 39 
39 38 39 38 38 38 39 38 38 39 
39 38 39 38 39 38 39 38 38 39 
39 38 39 38 39 38 39 39 38 38 
38 39 38 39 39 39 39 39 38 38 
39 39 38 39 39 39 39 39 38 39 
39 39 38 38 39 38 39 39 38 39 
39 39 38 38 39 38 39 38 39 39 
39 38 39 38 38 39 39 38 39 39 
39 39 39 38 38 39 39 38 39 39 
39 39 38 39 39 39 39 38 39 39 
39 38 38 39 39 39 38 39 38 38 
39 39 38 38 39 39 39 39 39 38 
39 39 38 39 39 39 39 38 39 39 
39 39 39 38 39 38 39 38 39 39 
38 39 38 38 39 38 39 38 38 39 
38 39 38 38 38 38 39 38 38 39 
38 39 38 38 38 38 38 39 39 39 
38 38 39 39 38 39 38 39 39 38 
39 38 39 39 38 39 39 39 39 39 
39 39 38 39 39 39 39 39 39 39 
38 39 39 39 39 39 38 39 39 38 
38 39 39 39 39 38 39 38 39 39 
39 39 39 38 39 39 39 38 39 39 
39 39 39 38 39 39 39 38 38 39 
39 39 39 39 39 39 39 38 38 39 
39 39 39 39 39 39 39 39 39 38 
39 39 39 39 39 39 39 39 39 38 
38 39 39 39 39 39 39 38 40 39 
38 39 39 39 39 39 39 38 40 39 
39 38 39 39 39 39 39 40 39 39 
39 38 39 39 38 40 39 39 39 39 
39 39 40 38 39 40 39 39 39 39 
39 39 40 38 39 39 40 40 39 39 
39 39 38 39 39 38 39 39 39 39 
39 39 39 38 39 38 39 39 39 39 
39 38 39 38 39 38 39 39 39 39 
39 38 39 39 39 39 39 39 38 39 
38 39 38 39 39 39 39 39 38 38 
38 39 38 39 38 39 38 39 39 39 
