0 0
1 0
2 0
3 1
4 1
5 1
6 2
7 2
8 3
9 4
10 3
11 3
12 4
13 5
14 6
15 7
16 6
17 7
18 6
19 7
20 7
21 8
22 9
23 8
24 9
25 10
26 10
27 10
28 11
29 11
30 12
31 13
32 13
33 13
34 13
35 13
36 14
37 15
38 14
39 14
40 15
41 16
42 16
43 16
44 16
45 16
46 16
47 17
48 17
49 17
50 18
51 19
52 20
53 21
54 21
55 20
56 21
57 20
58 21
59 22
60 23
61 22
62 23
63 23
64 22
65 23
66 22
67 23
68 23
69 23
70 22
71 23
72 23
73 23
74 24
75 23
76 24
77 23
78 23
79 24
80 25
81 25
82 24
83 25
84 25
85 25
86 26
87 25
88 26
89 25
90 26
91 25
92 26
93 25
94 25
95 26
96 26
97 25
98 26
99 26
100 25
101 25
102 25
103 25
104 25
105 26
106 26
107 25
108 25
109 24
110 25
111 26
112 25
113 25
114 25
115 25
116 25
117 25
118 25
119 25
120 25
121 25
122 25
123 25
124 25
125 25
126 25
127 25
128 25
129 25
130 25
131 25
132 26
