0 0.62
1 0.62
2 0.65
3 0.65
4 0.65
5 0.66
6 0.66
7 0.67
8 0.68
9 0.67
10 0.67
11 0.68
12 0.69
13 0.7
14 0.72
15 0.71
16 0.72
17 0.71
18 0.72
19 0.72
20 0.73
21 0.74
22 0.73
23 0.74
24 0.75
25 0.75
26 0.75
27 0.76
28 0.76
29 0.77
30 0.78
31 0.78
32 0.78
33 0.78
34 0.78
35 0.8
36 0.81
37 0.8
38 0.8
39 0.81
40 0.82
41 0.82
42 0.82
43 0.82
44 0.82
45 0.82
46 0.83
47 0.83
48 0.83
49 0.84
50 0.85
51 0.86
52 0.87
53 0.87
54 0.86
55 0.88
56 0.87
57 0.88
58 0.89
59 0.9
60 0.89
61 0.9
62 0.9
63 0.89
64 0.91
65 0.9
66 0.91
67 0.91
68 0.91
69 0.9
70 0.92
71 0.92
72 0.92
73 0.93
74 0.92
75 0.93
76 0.92
77 0.92
78 0.93
79 0.94
80 0.94
81 0.93
82 0.95
83 0.95
84 0.95
85 0.96
86 0.95
87 0.96
88 0.95
89 0.97
90 0.95
91 0.97
92 0.96
93 0.96
94 0.98
95 0.98
96 0.97
97 0.98
98 0.98
99 0.97
100 0.97
101 0.97
102 0.97
103 0.97
104 0.99
105 0.99
106 0.98
107 0.98
108 0.97
109 0.98
110 0.99
111 0.98
112 0.98
113 0.98
114 0.98
115 0.98
116 0.98
117 0.98
118 0.98
119 0.98
120 0.98
121 0.98
122 0.98
123 0.98
124 0.98
125 0.98
126 0.98
127 0.98
128 0.98
129 0.98
130 0.98
131 1
