0 43
1 44
2 49
3 55
4 62
5 42
6 50
7 46
8 49
9 47
10 52
11 44
12 47
13 62
14 43
15 42
16 45
17 42
18 43
19 51
20 53
21 46
22 54
23 50
24 44
25 62
26 61
27 50
28 48
29 61
30 51
31 56
32 56
33 51
34 54
35 55
36 65
37 50
38 51
39 61
40 60
41 62
42 57
43 56
44 62
45 62
46 64
47 61
48 60
49 65
50 64
51 66
52 62
53 61
54 64
55 61
56 64
57 65
58 63
59 66
60 65
61 65
62 65
63 64
64 65
65 66
66 64
67 67
68 64
69 64
70 68
71 64
72 65
73 66
74 65
75 66
76 65
77 67
78 66
79 66
80 65
81 67
82 65
83 65
84 66
85 67
86 65
87 65
88 68
89 67
90 67
91 66
92 67
93 66
94 67
95 69
96 67
97 69
98 70
99 66
100 66
101 69
102 69
103 67
104 67
105 67
106 66
107 70
108 68
109 72
110 68
111 69
112 68
113 68
114 67
115 69
116 70
117 71
118 68
119 68
120 70
121 71
122 68
123 71
124 72
125 71
126 69
127 70
128 69
129 70
130 70
131 69
132 71
133 69
134 71
135 70
136 71
137 72
138 70
139 70
140 72
141 71
142 71
143 70
144 71
145 70
146 71
147 71
148 71
149 73
150 73
151 71
152 71
153 72
154 71
155 71
156 74
157 71
158 71
159 71
160 72
161 71
162 73
163 73
164 73
165 71
166 71
167 74
168 73
169 71
170 72
171 74
172 71
173 74
174 72
175 73
176 75
177 72
178 73
179 75
180 72
181 73
182 73
183 73
184 75
185 74
186 74
187 73
188 75
189 73
190 75
191 74
192 74
193 73
194 74
195 73
196 74
197 73
198 74
199 74
200 73
201 73
202 76
203 74
204 74
205 75
206 76
207 74
208 76
209 74
210 75
211 74
212 75
213 77
214 76
215 74
216 73
217 74
218 77
219 75
220 75
221 76
222 74
223 78
224 74
225 75
226 77
227 76
228 75
229 78
230 76
231 75
232 75
233 77
234 76
235 75
236 77
237 76
238 76
239 75
240 78
241 78
242 76
243 76
244 77
245 76
246 78
247 77
248 78
249 77
250 77
251 77
252 76
253 77
254 78
255 77
256 77
257 78
258 76
259 77
260 77
261 80
262 77
263 79
264 79
265 76
266 78
267 81
268 77
269 77
270 77
271 79
272 77
273 78
274 77
275 80
276 79
277 78
278 79
279 77
280 79
281 78
282 78
283 80
284 79
285 80
286 79
287 78
288 79
289 80
290 79
291 80
292 78
293 81
294 79
295 79
296 80
297 80
298 79
299 79
300 79
301 82
302 80
303 80
304 82
305 81
306 79
307 79
308 81
309 80
310 80
311 80
312 80
313 80
314 81
315 80
316 82
317 80
318 80
319 81
320 80
321 81
322 80
323 82
324 80
325 80
326 81
327 80
328 80
329 81
330 82
331 82
332 81
333 83
334 81
335 80
336 82
337 81
338 83
339 83
340 81
341 81
342 82
343 81
344 81
345 81
346 81
347 82
348 83
349 82
350 81
351 81
352 81
353 81
354 81
355 82
356 84
357 84
358 82
359 82
360 82
361 85
362 85
363 82
364 83
365 84
366 82
367 83
368 85
369 85
370 84
371 86
372 83
373 84
374 83
375 83
376 84
377 87
378 83
379 85
380 84
381 87
382 87
383 83
384 86
385 86
386 84
387 85
388 86
389 86
390 84
391 87
392 88
393 85
394 85
395 85
396 85
397 86
398 86
399 86
400 86
401 86
402 86
403 87
404 86
405 86
406 85
407 86
408 86
409 86
410 88
411 86
412 88
413 85
414 86
415 89
416 86
417 86
418 86
419 87
420 86
421 89
422 86
423 86
424 87
425 90
426 88
427 90
428 86
429 86
430 88
431 88
432 88
433 89
434 88
435 87
436 87
437 88
438 88
439 90
440 89
441 88
442 90
443 90
444 89
445 88
446 89
447 88
448 89
449 89
450 89
451 89
452 89
453 89
454 91
455 89
456 89
457 89
458 89
459 89
460 89
461 90
462 90
463 89
464 89
465 89
466 89
467 89
468 89
469 89
470 89
471 91
472 90
473 89
474 91
475 89
476 89
477 89
478 90
479 89
480 89
481 91
482 90
483 89
484 90
485 90
486 90
487 92
488 91
489 90
490 92
491 90
492 92
493 90
494 90
495 90
496 90
497 91
498 91
499 90
500 91
501 91
502 92
503 92
504 90
505 93
506 91
507 93
508 90
509 91
510 91
511 91
512 91
513 91
514 92
515 91
516 91
517 93
518 92
519 91
520 91
521 91
522 91
523 91
524 92
525 92
526 91
527 91
528 91
529 92
530 91
531 91
532 93
533 92
534 92
535 94
536 92
537 94
538 92
539 94
540 94
541 92
542 93
543 92
544 92
545 93
546 93
547 93
548 92
549 93
550 92
551 94
552 93
553 95
554 92
555 92
556 94
557 93
558 93
559 93
560 95
561 93
562 95
563 93
564 93
565 93
566 93
567 93
568 95
569 94
570 93
571 96
572 93
573 93
574 94
575 93
576 95
577 94
578 94
579 94
580 94
581 93
582 93
583 94
584 95
585 94
586 94
587 96
588 94
589 95
590 95
591 95
592 95
593 94
594 95
595 95
596 97
597 95
598 94
599 95
600 95
601 95
602 95
603 95
604 95
605 97
606 95
607 95
608 95
609 95
610 96
611 96
612 95
613 95
614 95
615 96
616 95
617 96
618 95
619 96
620 95
621 96
622 96
623 96
624 96
625 95
626 98
627 96
628 96
629 96
630 96
631 98
632 96
633 96
634 96
635 96
636 96
637 96
638 97
639 96
640 96
641 97
642 96
643 96
644 97
645 96
646 98
647 96
648 96
649 96
650 96
651 96
652 96
653 96
654 97
655 97
656 97
657 97
658 97
659 97
660 97
661 97
662 97
663 97
664 97
665 97
666 97
667 97
668 97
669 97
670 97
671 97
672 97
673 97
674 97
675 97
676 97
677 97
678 97
679 97
680 97
681 97
682 97
683 97
684 99
685 97
686 97
687 97
688 97
689 97
690 98
691 97
692 97
693 97
694 97
695 97
696 98
697 97
698 97
699 97
700 97
701 97
702 97
703 97
704 97
705 97
706 98
707 97
708 97
709 97
710 97
711 97
712 97
713 97
714 97
715 99
716 97
717 97
718 97
719 97
720 97
721 97
722 97
723 98
724 97
725 98
726 98
727 97
728 98
729 98
730 98
731 97
732 98
733 98
734 98
735 98
736 98
737 98
738 98
739 98
740 98
741 98
742 98
743 98
744 98
745 98
746 98
747 98
748 98
749 98
750 98
751 98
752 98
753 98
754 98
755 98
756 98
757 98
758 98
759 98
760 98
761 98
762 98
763 98
764 98
765 98
766 98
767 98
768 98
769 98
770 98
771 98
772 98
773 98
774 98
775 98
776 98
777 98
778 98
779 98
780 98
781 98
782 98
783 98
784 98
785 98
786 98
787 98
788 98
789 98
790 98
791 98
792 98
793 98
794 98
795 98
796 98
797 98
798 98
799 98
800 98
801 98
802 98
803 98
804 98
805 98
806 98
807 98
808 98
809 98
810 98
811 98
812 98
813 98
814 98
815 98
816 98
817 98
818 98
819 98
820 98
821 98
822 98
823 98
824 98
825 98
826 98
827 98
828 98
829 100
