0 1
1 1
2 0.921053
3 1
4 1
5 0.971429
6 1
7 0.970588
8 0.969697
9 1.03125
10 1
11 0.969697
12 0.96875
13 0.967742
14 0.933333
15 1.03571
16 0.965517
17 1.03571
18 0.965517
19 1
20 0.964286
21 0.962963
22 1.03846
23 0.962963
24 0.961538
25 1
26 1
27 0.96
28 1
29 0.958333
30 0.956522
31 1
32 1
33 1
34 1
35 0.909091
36 0.95
37 1.05263
38 1
39 0.95
40 0.947368
41 1
42 1
43 1
44 1
45 1
46 0.944444
47 1
48 1
49 0.941176
50 0.9375
51 0.933333
52 0.928571
53 1
54 1.07692
55 0.857143
56 1.08333
57 0.923077
58 0.916667
59 0.909091
60 1.1
61 0.909091
62 1
63 1.1
64 0.818182
65 1.11111
66 0.9
67 1
68 1
69 1.11111
70 0.8
71 1
72 1
73 0.875
74 1.14286
75 0.875
76 1.14286
77 1
78 0.875
79 0.857143
80 1
81 1.16667
82 0.714286
83 1
84 1
85 0.8
86 1.25
87 0.8
88 1.25
89 0.6
90 1.66667
91 0.6
92 1.33333
93 1
94 0.5
95 1
96 1.5
97 0.666667
98 1
99 1.5
100 1
101 1
102 1
103 1
104 0.333333
105 1
106 2
107 1
108 1.5
109 0.666667
110 0.5
111 2
112 1
113 1
114 1
115 1
116 1
117 1
118 1
119 1
120 1
121 1
122 1
123 1
124 1
125 1
126 1
127 1
128 1
129 1
130 1
131 0
