0 0
1 0
2 0.0483871
3 0
4 0
5 0.0153846
6 0
7 0.0151515
8 0.0149254
9 -0.0147059
10 0
11 0.0149254
12 0.0147059
13 0.0144928
14 0.0285714
15 -0.0138889
16 0.0140845
17 -0.0138889
18 0.0140845
19 0
20 0.0138889
21 0.0136986
22 -0.0135135
23 0.0136986
24 0.0135135
25 0
26 0
27 0.0133333
28 0
29 0.0131579
30 0.012987
31 0
32 0
33 0
34 0
35 0.025641
36 0.0125
37 -0.0123457
38 0
39 0.0125
40 0.0123457
41 0
42 0
43 0
44 0
45 0
46 0.0121951
47 0
48 0
49 0.0120482
50 0.0119048
51 0.0117647
52 0.0116279
53 0
54 -0.0114943
55 0.0232558
56 -0.0113636
57 0.0114943
58 0.0113636
59 0.011236
60 -0.0111111
61 0.011236
62 0
63 -0.0111111
64 0.0224719
65 -0.010989
66 0.0111111
67 0
68 0
69 -0.010989
70 0.0222222
71 0
72 0
73 0.0108696
74 -0.0107527
75 0.0108696
76 -0.0107527
77 0
78 0.0108696
79 0.0107527
80 0
81 -0.0106383
82 0.0215054
83 0
84 0
85 0.0105263
86 -0.0104167
87 0.0105263
88 -0.0104167
89 0.0210526
90 -0.0206186
91 0.0210526
92 -0.0103093
93 0
94 0.0208333
95 0
96 -0.0102041
97 0.0103093
98 0
99 -0.0102041
100 0
101 0
102 0
103 0
104 0.0206186
105 0
106 -0.010101
107 0
108 -0.0102041
109 0.0103093
110 0.0102041
111 -0.010101
112 0
113 0
114 0
115 0
116 0
117 0
118 0
119 0
120 0
121 0
122 0
123 0
124 0
125 0
126 0
127 0
128 0
129 0
130 0
131 0.0204082
