-0.111111 -10 0 0 4 -0.5 -0.5 3 -0.666667 -0 0 -2 1.5 0 0 -2 -0.5 -1 1 -1 -0 0 2 -1 -0.5 0 0 0 -0.5 -3 0 0 -2 -0.5 -0 0 -1 -3 -0.666667 -1 0 0 0 0 -1 -1.5 -0.333333 -0 0 0 0 0 0 0.5 1 -1 -0 0 -1 -0.666667 0 0 0 0 0 0 0 0 0 -2 -1 -0.5 2 -1 -0.5 -1 -1 0 0 0 0 0 0 0.5 -1 -1 -1 -1 0 0 0 0 0 0 0 0 0 -1 -1 0 0 0 0 0 0 0 0 -1 -0 0 0 0 0 0 0 0 0 0 0 0 0 0 0 0 0 0 0 0 0 0 0 
0 -0.222222 -4.5 0.444444 -0.5 -1.5 0.333333 -2 -0.5 0 0 -0.666667 -0 0 1 1 -1 -1 -0.5 -0 0 -1 -2 0 0 0 -0.5 -2 -0.5 -0 0 -1 -1 1 0 0 -0.25 1 -2 -0.5 -0 0 0 0 0 0 0 0 0 -0.666667 -1.5 -0.666667 -0.5 2 1 -1 0.5 -1 1 1 0 0 -0.5 -0 0 -1 -0 0 0 0 -1 -0 0 0 0 0 0 0 0 0 0 -0.5 0 0 0 0 0 0 0 0 0 -0.5 1 -1 2 -1 -0 0 0 0 0 0 0 0 0 0 -1 -0 0 -1 -0 0 0 0 0 0 0 0 0 0 0 0 0 0 0 0 0 0 0 0 0 
0.5 -10 0.6 -0.166667 -0 0 0.5 1 2 0 0 0 0 -6 -0.166667 -0 0 -0.5 1 0 0 0 -1 -2 0 0 -0 0 0 -0.666667 -0 0 -0.5 -1 3 -1 -0.666667 0.5 -1 -0 0 -0.666667 -0.5 -1 -2 -1 -0.5 0 0 0.333333 0 0 -3 -1 -0.333333 1 0 0 0 -0.5 -1 0 0 -2 -0.5 1 -0 0 0 0 0 0 2 -1 -0 0 0 0 0 2 -0.5 1 -1 2 0.5 -2 -1 -0.5 -2 -1 -0 0 0 0 0 0 -1 -0 0 0 0 0 0 0 0 0 0 0 0 0 0 0 0 0 0 0 0 0 0 0 0 0 0 0 0 0 0 0 0 0 0 
-1.14286 -0.25 0.5 3 1.33333 0.5 0.5 -1 -0 0 -2 1 0 0 -0 0 2 -0.5 -0 0 -0.666667 -1 -0.5 -0 0 0 0 -3 0 0 0 -1 -0.5 -1 -1 0 0 1 0 0 0 -0.5 -0 0 1 0 0 -0 0 3 -0.333333 -3 0 0 -0 0 0 0 0 0.5 0 0 0 0 0 0 0 0 0 0 -0.333333 -0 0 -1 2 -1 -0 0 0.5 -2 -0.5 1 -1 -0 0 0 0 0 0 0 0 0 0 0 0 0 0 -1 -1 0 0 0 0 0 0 0 -0 0 0 0 0 0 0 0 0 0 0 0 0 0 0 0 0 0 0 0 0 0 0 0 0 
-0.368421 0.142857 5 1.8 -0.444444 -1 -0.25 -1 0 0 0 1 2 0 0 -2 -0.5 -0 0 1 0.5 -1 -1 -1 -1 -1 -0 0 0 0 0 0 0 0 2 -1 -1 -0.5 -0 0 0 0 1 -1 -1 0 0 0 0 0 4 -0.75 -0 0 -0.333333 -1 0 0 3 -0.666667 -0 0 0 0 0 0 -0.5 -0 0 0 0 0 0 0 -1 0 0 0 0 0 0 0 0 0 0 0 0 0 0 0 0 0 0 -1 -1 0 0 0 0 0 0 0 0 0 0 0 0 0 0 0 0 0 0 0 0 0 0 0 0 0 0 0 0 0 0 0 0 0 0 0 0 
0 5 0.8 0.25 0 0 -1 -0 0 0 0 0 -0.666667 -0.5 2 -0.5 -2 0 0 -1 0 0 0 0 -0.5 -0.5 2 -0.5 2 -2.5 -0.6 -0 0 0 0 0 0 -1 0 0 -1 -0.666667 -0.5 -0 0 0 -0.333333 1 -0 0 0 0 0 0 -0.333333 -2 0.5 -2 -0 0 0 0 0 0 0 0 -1 -0 0 0 0 0 0 0 0 -0 0 0 0 0 0 0 0 0 -0.5 -1 -0 0 0 0 0 0 0 0 -0.666667 -0 0 0 0 -0 0 0 0 0 0 0 0 0 0 0 -0.5 -0 0 0 0 0 0 0 0 0 0 0 0 0 0 0 0 0 0 0 0 
-3.4 -0.411765 -0 0 0 0 0 0 0 0 0 0 0 0 3 0 0 -0 0 0 0 0 0 -0.666667 -1.5 -0.666667 -0.5 0 0 0 0 3 -0.333333 -0 0 -1 2 0.5 0 0 0 -1 -0 0 0 0 0 0 0 0 0 0 0 0 0 0 0 0 -1 -0.333333 0 0 0 0 0 0 0 0 0 0 0 0 0 0 0 0 0 0 0 0 0 0 0 0 0 0 0 0 0 0 0 0 0 0 0 0 0 0 0 0 0 0 0 0 0 0 0 0 0 0 0 0 0 0 0 0 0 0 0 0 0 0 0 0 0 0 0 0 0 0 0 
-4.75 0.210526 0 0 0 0 -0 0 0 0 0 0 0 0 0 0 0 0 0 0 0 0 0 0 0 0 0 0 0 0 2 0 0 -1 -0 0 0 0 0 0 0 0 0 0 0 0 -0 0 0 0 0 0 0 0 0 0 0 -0.333333 -0 0 0 0 0 0 0 0 0 0 0 0 0 0 0 0 0 0 0 0 0 0 0 0 0 0 0 0 0 0 0 0 0 0 0 0 0 0 0 0 0 0 0 0 0 0 0 0 0 0 0 0 0 0 0 0 0 0 0 0 0 0 0 0 0 0 0 0 0 0 0 0 0 
-1.16667 0 0 0 0 0 0 0 0 0 0 0 0 0 0 0 0 0 0 0 0 0 0 0 0 0 0 0 0 0 0 0 0 0 0 0 0 0 0 0 0 0 0 0 0 0 0 0 0 0 0 0 0 0 0 0 0 0 0 0 0 0 0 0 0 0 0 0 0 0 0 0 0 0 0 0 0 0 0 0 0 0 0 0 0 0 0 0 0 0 0 0 0 0 0 0 0 0 0 0 0 0 0 0 0 0 0 0 0 0 0 0 0 0 0 0 0 0 0 0 0 0 0 0 0 0 0 0 0 0 0 
0 3 0 0 0 0 0 0 0 0 0 0 0 0 0 0 0 0 0 0 0 0 0 0 0 0 0 0 0 0 0 0 0 0 0 0 0 0 0 0 0 0 0 0 0 0 0 0 0 0 0 0 0 0 0 0 0 0 0 0 0 0 0 0 0 0 0 0 0 0 0 0 0 0 0 0 0 0 0 0 0 0 0 0 0 0 0 0 0 0 0 0 0 0 0 0 0 0 0 0 0 0 0 0 0 0 0 0 0 0 0 0 0 0 0 0 0 0 0 0 0 0 0 0 0 0 0 0 0 0 0 
