0 4.05578e-320
1 62
2 62
3 62
4 65
5 65
6 65
7 66
8 66
9 67
10 68
11 68
12 68
13 68
14 69
15 70
16 72
17 72
18 72
19 72
20 72
21 72
22 73
23 74
24 74
25 74
26 75
27 75
28 75
29 76
30 76
31 77
32 78
33 78
34 78
35 78
36 78
37 80
38 81
39 81
40 81
41 81
42 82
43 82
44 82
45 82
46 82
47 82
48 83
49 83
50 83
51 84
52 85
53 86
54 87
55 87
56 87
57 88
58 88
59 88
60 89
61 90
62 90
63 90
64 90
65 90
66 91
67 91
68 91
69 91
70 91
71 91
72 92
73 92
74 92
75 93
76 93
77 93
78 93
79 93
80 93
81 94
82 94
83 94
84 95
85 95
86 95
87 96
88 96
89 96
90 96
91 97
92 97
93 97
94 97
95 97
96 98
97 98
98 98
99 98
100 98
101 98
102 98
103 98
104 98
105 98
106 99
107 99
108 99
109 99
110 99
111 99
112 99
113 99
114 99
115 99
116 99
117 99
118 99
119 99
120 99
121 99
122 99
123 99
124 99
125 99
126 99
127 99
128 99
129 99
130 99
131 99
132 99
133 99
