0 0
1 0
2 3
3 0
4 0
5 1
6 0
7 1
8 1
9 0
10 0
11 1
12 1
13 1
14 2
15 0
16 1
17 0
18 1
19 0
20 1
21 1
22 0
23 1
24 1
25 0
26 0
27 1
28 0
29 1
30 1
31 0
32 0
33 0
34 0
35 2
36 1
37 0
38 0
39 1
40 1
41 0
42 0
43 0
44 0
45 0
46 1
47 0
48 0
49 1
50 1
51 1
52 1
53 0
54 0
55 2
56 0
57 1
58 1
59 1
60 0
61 1
62 0
63 0
64 2
65 0
66 1
67 0
68 0
69 0
70 2
71 0
72 0
73 1
74 0
75 1
76 0
77 0
78 1
79 1
80 0
81 0
82 2
83 0
84 0
85 1
86 0
87 1
88 0
89 2
90 0
91 2
92 0
93 0
94 2
95 0
96 0
97 1
98 0
99 0
100 0
101 0
102 0
103 0
104 2
105 0
106 0
107 0
108 0
109 1
110 1
111 0
112 0
113 0
114 0
115 0
116 0
117 0
118 0
119 0
120 0
121 0
122 0
123 0
124 0
125 0
126 0
127 0
128 0
129 0
130 0
131 2
