0 1.83437
1 1.8867
2 1.60944
3 1.83437
4 1.83437
5 1.50479
6 1.47081
7 1.02965
8 0.950271
9 0.897946
10 0.950271
11 0.500402
12 0.897946
13 0.801819
14 0.610864
15 1.0889
16 1.22061
17 0.801819
18 0.801819
19 1.0889
20 0.897946
21 0.693147
22 0.500402
23 0.610864
24 0.500402
25 0
26 0
27 0
28 0
29 0
30 0
31 0
32 0
33 0
34 0
35 0
36 0
37 0
38 0
39 0
40 0
41 0
42 0
43 0
44 0
45 0
46 0
47 0
48 0
49 0
50 0
51 0
52 0
53 0
54 0
55 0
56 0
57 0
58 0
59 0
60 0
61 0
62 0
63 0
64 0
65 0
66 0
67 0
68 0
69 0
70 0
71 0
72 0
73 0
74 0
75 0
76 0
77 0
78 0
79 0
80 0
81 0
82 0
83 0
84 0
85 0
86 0.325083
87 0.325083
88 0.325083
89 0.610864
90 0.500402
91 0
92 0.500402
93 0.673012
94 0.610864
95 0.610864
96 0.693147
97 0.693147
98 0.673012
99 0.610864
100 0.325083
101 0.325083
102 0.610864
103 0.500402
104 0
105 0
106 0
107 0.325083
108 0.325083
109 0
110 0.325083
111 0.325083
112 0.325083
113 0.325083
114 0.325083
115 0
116 0
117 0
118 0
119 0
120 0
121 0
122 0
123 0
124 0
125 0
126 0
127 0
128 0
129 0
130 0
131 0
132 0
