0 0
1 0.333333
2 0.183503
3 0.150041
4 0.114786
5 0.0929345
6 0.0825114
7 0.0711546
8 0.0660365
9 0.0621321
10 0.0560967
11 0.0511298
12 0.0469707
13 0.0457705
14 0.0448116
15 0.0462844
16 0.0434555
17 0.0409523
18 0.0387219
19 0.0367218
20 0.0349181
21 0.0349561
22 0.0350507
23 0.0335527
24 0.0321774
25 0.0324295
26 0.0312019
27 0.0300638
28 0.0304205
29 0.029387
30 0.0297989
31 0.0302432
32 0.0293121
33 0.0284366
34 0.0276119
35 0.0268337
36 0.0286731
37 0.0292557
38 0.0284969
39 0.0277765
40 0.0270916
41 0.0277226
42 0.0270716
43 0.0264504
44 0.0258571
45 0.0252898
46 0.0247469
47 0.0254128
48 0.02489
49 0.0243883
50 0.0250892
51 0.0258369
52 0.0266386
53 0.0275034
54 0.027001
55 0.0265167
56 0.0274405
57 0.0269656
58 0.0265069
59 0.0274988
60 0.0285911
61 0.028129
62 0.0276817
63 0.0272483
64 0.0268283
65 0.0279979
66 0.0275796
67 0.0271736
68 0.0267794
69 0.0263965
70 0.0260243
71 0.0272775
72 0.0269038
73 0.0265402
74 0.0279419
75 0.0275746
76 0.0272167
77 0.0268681
78 0.0265282
79 0.0261968
80 0.0277489
81 0.027411
82 0.0270813
83 0.028895
84 0.0285559
85 0.0282248
86 0.0304202
87 0.0300759
88 0.0297392
89 0.0294101
90 0.0321866
91 0.0318386
92 0.031498
93 0.0311647
94 0.0308383
95 0.0346477
96 0.034293
97 0.0339456
98 0.0336051
99 0.0332713
100 0.0329442
101 0.0326234
102 0.0323087
103 0.0320001
104 0.0316974
105 0.0377733
106 0.0374237
107 0.0370806
108 0.0367436
109 0.0364127
110 0.0360877
111 0.0357685
112 0.0354549
113 0.0351467
114 0.0348438
115 0.0345461
116 0.0342535
117 0.0339658
118 0.0336828
119 0.0334045
120 0.0331308
121 0.0328616
122 0.0325967
123 0.032336
124 0.0320794
125 0.0318269
126 0.0315784
127 0.0313336
128 0.0310927
129 0.0308554
130 0.0306218
131 0.0303916
132 1
