0 0.53
1 0.46
2 0.47
3 0.47
4 0.45
5 0.63
6 0.49
7 0.49
8 0.57
9 0.48
10 0.6
11 0.59
12 0.59
13 0.51
14 0.55
15 0.57
16 0.56
17 0.58
18 0.54
19 0.49
20 0.51
21 0.52
22 0.54
23 0.53
24 0.52
25 0.54
26 0.53
27 0.54
28 0.52
29 0.56
30 0.56
31 0.56
32 0.56
33 0.57
34 0.54
35 0.56
36 0.54
37 0.55
38 0.56
39 0.57
40 0.56
41 0.57
42 0.56
43 0.57
44 0.53
45 0.54
46 0.56
47 0.54
48 0.54
49 0.56
50 0.52
51 0.52
52 0.51
53 0.54
54 0.55
55 0.54
56 0.54
57 0.53
58 0.55
59 0.53
60 0.54
61 0.57
62 0.53
63 0.52
64 0.52
65 0.53
66 0.54
67 0.52
68 0.52
69 0.52
70 0.55
71 0.55
72 0.53
73 0.54
74 0.56
75 0.54
76 0.53
77 0.54
78 0.57
79 0.54
80 0.57
81 0.56
82 0.57
83 0.57
84 0.56
85 0.54
86 0.55
87 0.54
88 0.56
89 0.56
90 0.56
91 0.56
92 0.57
93 0.58
94 0.6
95 0.57
96 0.57
97 0.59
98 0.59
99 0.58
100 0.58
101 0.56
102 0.56
103 0.58
104 0.58
105 0.58
106 0.56
107 0.57
108 0.56
109 0.56
110 0.58
111 0.58
112 0.56
113 0.57
114 0.57
115 0.59
116 0.59
117 0.57
118 0.57
119 0.57
120 0.57
121 0.57
122 0.57
123 0.57
124 0.57
125 0.57
126 0.59
127 0.59
128 0.59
129 0.57
130 0.57
131 0.59
