0 0.38
1 0.38
2 0.35
3 0.35
4 0.35
5 0.34
6 0.34
7 0.33
8 0.32
9 0.33
10 0.33
11 0.32
12 0.31
13 0.3
14 0.28
15 0.29
16 0.28
17 0.29
18 0.28
19 0.28
20 0.27
21 0.26
22 0.27
23 0.26
24 0.25
25 0.25
26 0.25
27 0.24
28 0.24
29 0.23
30 0.22
31 0.22
32 0.22
33 0.22
34 0.22
35 0.2
36 0.19
37 0.2
38 0.2
39 0.19
40 0.18
41 0.18
42 0.18
43 0.18
44 0.18
45 0.18
46 0.17
47 0.17
48 0.17
49 0.16
50 0.15
51 0.14
52 0.13
53 0.13
54 0.14
55 0.12
56 0.13
57 0.12
58 0.11
59 0.1
60 0.11
61 0.1
62 0.1
63 0.11
64 0.09
65 0.1
66 0.09
67 0.09
68 0.09
69 0.1
70 0.08
71 0.08
72 0.08
73 0.07
74 0.08
75 0.07
76 0.08
77 0.08
78 0.07
79 0.06
80 0.06
81 0.07
82 0.05
83 0.05
84 0.05
85 0.04
86 0.05
87 0.04
88 0.05
89 0.03
90 0.05
91 0.03
92 0.04
93 0.04
94 0.02
95 0.02
96 0.03
97 0.02
98 0.02
99 0.03
100 0.03
101 0.03
102 0.03
103 0.03
104 0.01
105 0.01
106 0.02
107 0.02
108 0.03
109 0.02
110 0.01
111 0.02
112 0.02
113 0.02
114 0.02
115 0.02
116 0.02
117 0.02
118 0.02
119 0.02
120 0.02
121 0.02
122 0.02
123 0.02
124 0.02
125 0.02
126 0.02
127 0.02
128 0.02
129 0.02
130 0.02
131 0
