32 33 35 37 39 32 35 33 35 34 
36 33 34 39 32 32 33 32 32 34 
36 33 36 35 33 39 39 35 34 35 
35 37 37 35 36 37 40 35 35 39 
38 39 37 37 39 37 40 35 35 39 
40 39 37 37 39 39 40 39 38 40 
40 40 39 39 40 39 40 39 38 40 
40 40 40 40 40 39 40 40 39 40 
40 40 40 40 40 40 40 40 40 40 
41 40 40 40 40 40 40 40 40 40 
41 40 40 40 40 40 40 40 40 40 
40 40 40 40 40 40 40 40 40 40 
40 40 40 40 40 40 40 40 41 40 
40 40 40 40 40 41 40 41 41 40 
40 41 41 40 40 40 40 41 41 40 
41 41 41 41 40 40 40 41 41 42 
41 42 41 41 40 41 41 42 41 41 
41 42 41 42 42 42 41 41 41 41 
41 41 42 41 42 41 41 41 41 41 
41 41 42 41 42 41 42 42 41 41 
42 42 42 41 42 41 42 42 41 41 
42 42 42 41 42 41 42 42 42 42 
42 42 42 42 42 42 43 42 42 42 
42 42 42 42 42 42 42 42 42 42 
42 43 42 43 42 42 42 43 42 42 
42 42 42 43 42 42 43 42 42 43 
42 42 42 42 43 43 43 42 43 43 
43 43 43 42 43 42 43 42 43 42 
42 42 43 43 43 42 43 42 43 43 
43 42 43 43 43 43 43 43 43 43 
43 43 43 43 43 43 42 43 43 43 
43 43 43 44 43 43 42 43 43 43 
43 43 43 43 43 43 43 43 43 44 
44 43 43 43 43 43 43 43 43 43 
44 44 43 43 43 43 44 43 44 43 
43 43 43 43 44 43 43 44 43 43 
43 44 43 44 44 43 43 44 43 43 
43 44 43 44 44 43 44 45 43 43 
44 44 44 44 43 44 44 44 44 43 
44 44 44 44 44 44 44 44 44 44 
44 44 44 45 44 44 44 44 44 44 
44 45 44 45 44 44 44 44 44 44 
44 45 44 44 45 45 44 44 45 44 
44 44 44 44 45 44 45 44 45 44 
44 45 44 44 45 44 45 44 44 45 
44 45 44 45 44 44 45 44 44 45 
45 45 45 45 44 44 45 44 44 45 
45 45 45 45 45 44 45 45 45 45 
45 45 45 45 45 45 45 45 45 45 
45 45 45 45 45 45 45 45 45 45 
45 45 45 45 45 45 45 45 45 45 
45 46 46 45 45 45 45 45 45 45 
45 46 45 45 45 45 45 45 46 46 
45 46 45 45 45 45 45 46 45 46 
45 46 46 45 45 45 45 46 45 46 
45 46 46 45 46 46 45 46 46 46 
45 46 46 46 46 46 46 46 46 46 
46 46 46 46 46 46 46 46 46 46 
46 46 46 46 46 46 46 46 46 46 
46 47 46 46 46 47 46 46 46 46 
46 47 46 46 46 47 46 47 46 46 
46 46 46 47 46 46 46 47 46 46 
47 46 46 47 46 46 46 46 46 47 
47 46 47 47 47 46 47 46 46 47 
47 47 47 47 47 46 47 46 47 47 
47 47 47 47 47 47 47 47 47 47 
47 47 47 47 47 47 47 47 47 47 
47 47 47 47 47 47 47 47 47 47 
47 47 47 47 47 47 47 47 47 47 
47 47 47 47 47 47 47 47 47 47 
47 47 47 47 47 47 47 47 47 47 
47 47 47 47 47 47 47 47 47 47 
47 47 47 47 47 47 47 47 47 47 
47 47 47 47 47 47 47 47 47 47 
47 47 47 47 47 48 47 48 47 47 
47 47 47 47 47 48 47 48 47 47 
47 47 47 47 47 47 47 48 47 47 
47 47 47 47 47 47 47 48 47 47 
47 47 47 47 47 47 47 47 47 47 
47 47 48 47 47 47 47 47 47 47 
47 47 48 47 47 48 47 48 47 47 
48 47 48 47 47 48 47 48 47 48 
48 47 48 47 47 48 48 48 47 48 
47 48 48 48 47 47 48 48 47 48 
47 48 48 48 47 47 48 48 48 48 
48 48 48 48 48 48 48 48 48 48 
48 48 48 48 48 48 48 48 48 48 
48 48 48 48 48 48 48 48 48 48 
48 48 48 48 48 48 48 48 48 48 
48 48 48 48 48 48 48 48 48 48 
48 48 48 48 48 48 49 48 48 48 
48 48 48 48 48 48 49 48 48 48 
48 48 48 48 48 49 48 48 48 48 
48 48 48 48 48 49 48 48 48 48 
48 48 48 48 48 48 48 48 48 48 
48 48 48 48 48 48 49 48 48 48 
48 49 48 48 48 48 49 48 48 48 
48 49 48 48 48 48 48 48 49 48 
48 49 48 48 49 48 49 48 48 48 
48 48 48 48 49 48 49 48 48 48 
49 48 48 48 49 49 49 49 49 49 
49 49 49 49 49 49 49 49 49 49 
49 49 49 49 49 49 49 49 49 49 
49 49 49 49 49 49 49 49 49 49 
49 49 49 49 49 49 49 49 49 49 
49 49 49 49 49 49 49 49 49 49 
49 49 49 49 49 49 49 49 49 49 
49 49 49 49 49 49 49 49 49 49 
49 49 49 49 49 49 49 49 49 49 
49 49 49 49 49 49 49 49 49 49 
49 49 49 49 49 49 49 49 49 49 
49 49 49 49 49 49 49 49 49 49 
49 49 49 49 49 49 49 49 49 49 
49 49 49 49 49 49 49 49 49 49 
49 49 49 49 49 49 49 49 49 49 
49 49 49 49 49 49 49 49 49 49 
49 49 49 49 49 49 49 49 49 49 
49 49 49 49 49 49 49 49 49 49 
49 49 49 49 49 49 49 49 49 49 
49 49 49 49 49 49 49 49 49 49 
49 49 49 49 49 49 49 49 49 49 
49 49 49 49 49 49 49 49 49 49 
49 49 49 49 49 49 49 49 49 49 
49 49 49 49 49 49 49 49 49 49 
49 49 49 49 49 49 49 49 49 49 
49 49 49 49 49 49 49 49 49 49 
49 49 49 49 49 49 49 49 49 49 
49 49 49 49 49 49 49 49 49 49 
49 49 49 49 49 49 49 49 49 49 
49 49 49 49 49 49 49 49 49 49 
49 49 49 49 49 49 49 49 49 49 
49 49 49 49 49 49 49 49 49 49 
49 49 49 49 49 49 49 49 49 
