0 4.05578e-320
1 106
2 106
3 108
4 112
5 112
6 112
7 112
8 122
9 122
10 122
11 124
12 124
13 124
14 124
15 124
16 126
17 126
18 126
19 126
20 128
21 128
22 130
23 130
24 130
25 130
26 130
27 130
28 130
29 130
30 132
31 132
32 132
33 136
34 136
35 138
36 138
37 138
38 138
39 138
40 138
41 140
42 140
43 140
44 140
45 140
46 140
47 140
48 142
49 142
50 142
51 142
52 144
53 144
54 144
55 144
56 146
57 146
58 148
59 148
60 148
61 148
62 148
63 148
64 148
65 150
66 150
67 150
68 150
69 152
70 152
71 152
72 152
73 152
74 152
75 152
76 154
77 154
78 154
79 156
80 156
81 156
82 156
83 156
84 156
85 156
86 156
87 156
88 158
89 158
90 158
91 158
92 160
93 160
94 160
95 160
96 162
97 162
98 162
99 162
100 162
101 162
102 162
103 162
104 162
105 162
106 162
107 162
108 162
109 162
110 162
111 162
112 162
113 162
114 162
115 162
116 162
117 162
118 162
119 162
120 162
121 162
122 162
123 162
124 162
125 162
126 162
127 162
128 162
129 162
130 162
131 162
132 162
133 162
134 162
135 162
136 162
137 162
138 162
139 162
140 162
141 162
142 162
143 162
