0 0
1 -2
2 -1
3 -0.817121
4 -0.565085
5 -0.430969
6 -0.348006
7 -0.408544
8 -0.349504
9 -0.3053
10 -0.282089
11 -0.253451
12 -0.230076
13 -0.210637
14 -0.19422
15 -0.186487
16 -0.173874
17 -0.162856
18 -0.15315
19 -0.149007
20 -0.141055
21 -0.137639
22 -0.13099
23 -0.124953
24 -0.119448
25 -0.114407
26 -0.109773
27 -0.1055
28 -0.101548
29 -0.100326
30 -0.096825
31 -0.0935599
32 -0.094529
33 -0.0915372
34 -0.0904617
35 -0.0877668
36 -0.0852279
37 -0.0828316
38 -0.0805663
39 -0.0784215
40 -0.0777692
41 -0.0758022
42 -0.0739323
43 -0.0721524
44 -0.0704561
45 -0.0688377
46 -0.067292
47 -0.0669212
48 -0.0654823
49 -0.064104
50 -0.0627825
51 -0.0624831
52 -0.0612454
53 -0.0600558
54 -0.0589115
55 -0.0586653
56 -0.0575881
57 -0.057339
58 -0.056323
59 -0.0553425
60 -0.0543954
61 -0.0534803
62 -0.0525954
63 -0.0517393
64 -0.0515812
65 -0.0507678
66 -0.0499797
67 -0.0492157
68 -0.0490796
69 -0.0483514
70 -0.0476444
71 -0.0469579
72 -0.0462908
73 -0.0456424
74 -0.045012
75 -0.0449244
76 -0.0443203
77 -0.0437323
78 -0.0436462
79 -0.043082
80 -0.0425322
81 -0.0419962
82 -0.0414736
83 -0.0409638
84 -0.0404664
85 -0.039981
86 -0.039507
87 -0.0394633
88 -0.0390062
89 -0.0385596
90 -0.0381231
91 -0.0380831
92 -0.0376614
93 -0.037249
94 -0.0368455
95 -0.0368085
96 -0.0364182
97 -0.036036
98 -0.0356618
99 -0.0352953
100 -0.0349363
101 -0.0345845
102 -0.0342397
103 -0.0339017
104 -0.0335703
105 -0.0332453
106 -0.0329266
107 -0.0326139
108 -0.0323071
109 -0.032006
110 -0.0317105
111 -0.0314203
112 -0.0311355
113 -0.0308557
114 -0.030581
115 -0.0303111
116 -0.0300459
117 -0.0297853
118 -0.0295292
119 -0.0292774
120 -0.0290299
121 -0.0287866
122 -0.0285473
123 -0.028312
124 -0.0280805
125 -0.0278527
126 -0.0276287
127 -0.0274081
128 -0.0271911
129 -0.0269775
130 -0.0267673
131 -0.0265602
132 -0.0263564
133 -0.0261557
134 -0.025958
135 -0.0257632
136 -0.0255714
137 -0.0253824
138 -0.0251962
139 -0.0250126
140 -0.0248318
141 -0.0246535
142 -0.0244778
