0 0.5
1 0.45
2 0.44
3 0.41
4 0.45
5 0.42
6 0.46
7 0.49
8 0.45
9 0.46
10 0.47
11 0.45
12 0.44
13 0.45
14 0.45
15 0.46
16 0.46
17 0.46
18 0.46
19 0.44
20 0.43
21 0.47
22 0.47
23 0.44
24 0.46
25 0.46
26 0.43
27 0.42
28 0.46
29 0.45
30 0.43
31 0.43
32 0.4
33 0.4
34 0.4
35 0.4
36 0.41
37 0.42
38 0.41
39 0.42
40 0.41
41 0.42
42 0.42
43 0.41
44 0.41
45 0.43
46 0.42
47 0.43
48 0.41
49 0.43
50 0.43
51 0.42
52 0.42
53 0.42
54 0.43
55 0.43
56 0.43
57 0.42
58 0.44
59 0.43
60 0.43
61 0.45
62 0.42
63 0.44
64 0.46
65 0.44
66 0.43
67 0.44
68 0.44
69 0.43
70 0.41
71 0.45
72 0.44
73 0.43
74 0.43
75 0.45
76 0.44
77 0.43
78 0.46
79 0.47
80 0.45
81 0.45
82 0.45
83 0.47
84 0.44
85 0.46
86 0.43
87 0.47
88 0.44
89 0.48
90 0.46
91 0.46
92 0.45
93 0.44
94 0.47
95 0.47
96 0.45
97 0.44
98 0.46
99 0.45
100 0.44
101 0.45
102 0.45
103 0.42
104 0.44
105 0.44
106 0.44
107 0.45
108 0.44
109 0.46
110 0.45
111 0.46
112 0.45
113 0.45
114 0.43
115 0.43
116 0.43
117 0.44
118 0.43
119 0.45
120 0.45
121 0.43
122 0.42
123 0.43
124 0.44
125 0.43
126 0.43
127 0.46
128 0.44
129 0.46
130 0.45
131 0.44
132 0.46
133 0.45
134 0.42
135 0.44
136 0.44
137 0.44
138 0.42
139 0.44
140 0.44
141 0.44
