0 -0.06
1 -0.08
2 -0.12
3 -0.12
4 -0.12
5 -0.12
6 -0.22
7 -0.18
8 -0.2
9 -0.24
10 -0.24
11 -0.24
12 -0.24
13 -0.24
14 -0.26
15 -0.26
16 -0.26
17 -0.26
18 -0.28
19 -0.28
20 -0.3
21 -0.28
22 -0.3
23 -0.28
24 -0.28
25 -0.3
26 -0.3
27 -0.3
28 -0.32
29 -0.32
30 -0.32
31 -0.36
32 -0.34
33 -0.38
34 -0.36
35 -0.38
36 -0.36
37 -0.38
38 -0.38
39 -0.4
40 -0.38
41 -0.4
42 -0.38
43 -0.38
44 -0.4
45 -0.4
46 -0.42
47 -0.42
48 -0.42
49 -0.4
50 -0.44
51 -0.4
52 -0.44
53 -0.44
54 -0.46
55 -0.46
56 -0.48
57 -0.46
58 -0.48
59 -0.48
60 -0.48
61 -0.46
62 -0.48
63 -0.5
64 -0.5
65 -0.48
66 -0.5
67 -0.52
68 -0.52
69 -0.52
70 -0.52
71 -0.52
72 -0.52
73 -0.52
74 -0.54
75 -0.54
76 -0.54
77 -0.56
78 -0.54
79 -0.54
80 -0.54
81 -0.54
82 -0.56
83 -0.56
84 -0.56
85 -0.56
86 -0.58
87 -0.58
88 -0.58
89 -0.58
90 -0.6
91 -0.6
92 -0.6
93 -0.6
94 -0.62
95 -0.62
96 -0.62
97 -0.62
98 -0.6
99 -0.62
100 -0.62
101 -0.62
102 -0.62
103 -0.62
104 -0.62
105 -0.62
106 -0.62
107 -0.62
108 -0.62
109 -0.62
110 -0.6
111 -0.62
112 -0.62
113 -0.62
114 -0.62
115 -0.62
116 -0.62
117 -0.62
118 -0.62
119 -0.62
120 -0.62
121 -0.62
122 -0.62
123 -0.62
124 -0.62
125 -0.62
126 -0.62
127 -0.62
128 -0.62
129 -0.62
130 -0.62
131 -0.62
132 -0.62
133 -0.62
134 -0.62
135 -0.62
136 -0.62
137 -0.62
138 -0.62
139 -0.62
140 -0.62
141 -0.62
