-1.5 -0.5 0.333333 2 -1 -5 -0.8 -0.5 0.75 0 0 -2 0 0 0 0 3 0.333333 0 0 
-0.75 1 0.333333 1 -2 -2 0 0 0.5 0 0 0 -0.666667 -1.5 1 -1 -0.666667 2 -0.5 -0.5 
1.5 -0.5 -0.333333 0 0 -0.5 -0 0 -0.5 -6 -0.166667 -0 0 4 0.25 -2 -1 1 0 0 
-1 6 0.5 -1.33333 -1.25 -0.4 1.5 -1.66667 0.2 3 -0.333333 -3 -1 -0.333333 0 0 3 -0.666667 -1.5 1 
0 -1 1 0.25 -3 -1.33333 0.25 -5 -1.4 0 0 -2 -0.5 -2 0 0 2 -0.5 -0.5 1 
0 0 0 0 -0.666667 2.5 -1.4 0 0 -0.666667 -1 1 -1.5 -0.333333 8 -0.125 3 -0.333333 -1 -5 
-1 1 -0.5 -3 0.333333 4 -0.25 -1 -4 -1.5 -0.666667 -1 0.25 -4 -1.5 0.5 0.666667 -1 -0.5 -1 
-0.5 -0.5 -1 -1 6 -0.833333 -0.6 -0.333333 -1 3 0.333333 -1 -1 4 -0.75 -1 1 -1 -1 0 
-0 0 0 0 -0 0 0.5 0 0 0 0.333333 -8 -0.875 0.428571 -0.333333 -1 4 0 0 -0.5 
1 0 0 -1 3 -0.333333 -3 -0.666667 -2.5 -1 -0.8 0.25 -1 -2 0 0 0.333333 0 0 0 
-5 -0.8 -1.5 0.5 0.333333 -3 -0.666667 0 0 0.5 -1 -8 -0.75 -0.666667 0.5 -1 -0.5 -1 -3 0 
-1 4 -0.75 -2.33333 -0.571429 -0 0 2 0.25 1 2 -1.5 -0 0 -0.75 -0.666667 1 -0.5 -4 -0.5 
-1.66667 -0.4 0.5 3 1.66667 -1 -0.4 -2.5 -1.4 -0.285714 -2 0 0 -0.75 -0 0 0 4 0 0 
-0.769231 -0.4 -2 0 0 -1 -1 -0.333333 -1 4 -0.75 -1.33333 -1.75 -1.28571 -0.333333 -0 0 0 0 0 
-0.285714 -2.5 0.2 -3 -1.66667 -0.2 1 -2 1 0 0 -1 -2 -1 -0.375 0.666667 -0.5 -1 1 3 
-5 0.2 -0.5 2 -0.5 2 -1 -3.5 0 0 -0.5 -1 -1.5 0.666667 1.5 -0.333333 -1 4 -0.75 -1 
-2 -0.125 1 -8 -0.125 2 -2 1.25 -0.8 -0.5 -1 -0.5 -1 -2 1 -0.5 -6 -0.5 -0.333333 4 
0.142857 -3 -1.66667 0.2 -2 0.5 -7 -0.571429 -0.25 0 0 0 0 1 1 -2 -0.5 4 -0.25 -3 
-1.375 0.727273 -0.75 -0.5 0.333333 0 0 -0.333333 -2 0.5 1 -2 -0.5 1 5 0.2 3 -0.333333 5 -0.6 
-4 1.25 0 0 0 1.5 0 0 3 -1 -0 0 -2 -1 0.5 4 0 0 1 1 
0.285714 0.5 -1 -2 1 2.5 -0.4 -0 0 -1 1 -1 4 0 0 0 -0.2 1 -1 3 
-2 1.5 1 0 0 0 -1 -2 -0.5 -0.5 1 3 -0.333333 4 -1.75 0.142857 0 0 1 -5 
-0.7 -0.857143 0.166667 -1 -5 -0.2 2 -1 0.5 0 0 -1 -0 0 0 0 2 -0.5 -5 0.2 
1.33333 -0.75 -0.5 0.333333 4 -0.5 -1 -1 -2.5 -0.6 -0.333333 1 2 0 0 0 1.5 -0.333333 -1 0 
1 0.5 -0.5 -3 1 -0.333333 -0 0 -0.666667 -1 0.5 2 2.5 -1.2 -0.333333 0 0 0 0 0 
-0.5 -0.333333 -0 0 0.25 -3 -0 0 -0.5 -0.666667 2 -0.75 -0.666667 -0.5 -1 5 -0.8 -1.25 -0.4 -1.5 
0.5 7 -0.142857 -0 0 -1 -0.5 2 0 0 3 -1 -0.666667 2 -0.5 -1.5 -1.33333 -0.75 1 -0.666667 
-1 3 1.33333 0.5 -1 1.5 -1.33333 0.25 1 3 -1 -0 0 1.66667 -0.6 -0.333333 0 0 0 0 
-1 -2.33333 0.571429 -1 -0.75 -0.333333 -2 1 0.5 -1 -0 0 2 -1 -3.5 0 0 -1 -0 0 
1.5 -0.666667 -0.75 0 0 0.5 -1 -1 1.5 -0.666667 -0.5 -1 -3 1 -1 -0.666667 0.5 2 0.5 0 
2 1.5 0.666667 0 0 -1.6 -0.25 -1 1 0 0 -3 0 0 -0 0 3.5 -0.857143 -0.333333 0.5 
7 0.142857 4 -0.25 -0 0 0 5 -1.6 -1.125 0 0 0 -1 -1.5 1.33333 -1.25 -0.6 0.666667 -1 
0.25 2 1 2.5 -0.8 0.25 -2 -1 -2 0.5 -0.5 -2 0 0 -1.5 -1 0.666667 2 0 0 
-1.4 0.285714 0 0 1.5 -0.333333 -3 -0.333333 -0 0 -0.4 -0 0 -0.25 2 -0 0 0.75 0.333333 0 
-1.06667 0.1875 0.333333 -1 3 -1 1.33333 -1 0.25 -3 0 0 -0.25 -3 -1.66667 -1 0.2 0 0 0 
-1.5 -0.833333 0.4 1 0 0 0 0 -0.5 -5 -0.2 -0 0 -0.5 -1.5 0.333333 0 0 1 -0 
-1 -0.5 -3.5 -0.428571 -0.333333 8 -0.5 -1 -0.25 -3 -1 -0.666667 2.5 -0.6 -0 0 2 -0.5 -3 0 
-5 0 0 0 0 -0.5 -5 -0.4 1.5 -1.66667 -0.2 -3 0.333333 -3 -0.666667 1 0 0 0.5 0 
-2.66667 -0.375 -0.666667 0.5 1 0 0 -0.666667 -0.75 0.333333 -2 -1.5 1 -1 -1.66667 -0.8 -1 0.25 0 0 
-0 0 0.8 0 0 1 -1 -0 0 -0.111111 3 -0.333333 -1 -1 4 -0.5 -1 1 -1 -0 
-2.33333 0.571429 0 0 0 -6 -0.166667 3 -1.66667 0 0 -1.16667 -0.142857 -2 0 0 0.333333 -2 -0 0 
1.4 -0.857143 -1.5 -0.333333 -0 0 -3 -0.222222 1 -1 -0.5 -4 0 0 0 2 0 0 0 0 
0 -1 -1.75 -0.571429 0.25 -4 1.25 -0.4 4 -0.875 0.142857 2 0 0 -5 0 0 0 0 0 
-0.5 -1 -2 -1.5 0.5 -1 -1 1.33333 0.25 -2 -1 0.5 0 0 -1.16667 -0.428571 0 0 0 0 
0.2 -3 1.33333 0 0 -1 -3 0 0 1 0 0 0 0 -0 0 0 0 0 0 
0.166667 1 -1 -0 0 0 1.33333 0 0 0 0 0 -0 0 0 0 0 0 0 0 
-7 0.428571 -0.333333 -0 0 0 0.5 0 0 0 0 0 0 0 0 0 0 0 0 0 
1.33333 0 0 0 0 0 1.5 0 0 0 0 0 0 0 0 0 0 0 0 0 
-1.66667 0 0 0 0 0 7 0 0 0 0 0 0 0 0 0 0 0 0 0 
0 0 0 0 0 0 0 0 0 0 0 0 0 0 0 0 0 0 0 0 
