0 102
1 106
2 96
3 102
4 108
5 102
6 104
7 106
8 106
9 98
10 102
11 104
12 108
13 114
14 96
15 100
16 100
17 98
18 98
19 98
20 90
21 104
22 96
23 90
24 92
25 118
26 100
27 102
28 98
29 92
30 100
31 90
32 94
33 100
34 110
35 104
36 104
37 98
38 102
39 112
40 100
41 92
42 106
43 100
44 114
45 98
46 96
47 94
48 102
49 80
50 110
51 98
52 104
53 100
54 108
55 102
56 100
57 114
58 104
59 106
60 100
61 102
62 114
63 88
64 110
65 96
66 92
67 112
68 82
69 96
70 104
71 102
72 116
73 102
74 100
75 106
76 104
77 100
78 104
79 100
80 102
81 92
82 102
83 90
84 80
85 112
86 96
87 96
88 96
89 98
90 94
91 102
92 106
93 108
94 104
95 110
96 94
97 100
98 96
99 98
100 104
101 116
102 102
103 100
104 114
105 104
106 110
107 104
108 114
109 110
110 104
111 104
112 108
113 106
114 116
115 108
116 114
117 104
118 104
119 108
120 106
121 102
122 118
123 108
124 112
125 106
126 102
127 98
128 112
129 106
130 106
131 104
132 104
133 112
134 100
135 104
136 106
137 112
138 98
139 108
140 116
141 114
142 104
143 102
144 112
145 108
146 108
147 106
148 102
149 104
150 110
151 110
152 114
153 108
154 114
155 108
156 112
157 118
158 114
159 102
160 112
161 108
162 100
163 116
164 120
165 106
166 108
167 120
168 114
169 110
170 112
171 114
172 106
173 112
174 110
175 120
176 108
177 112
178 104
179 112
180 108
181 108
182 108
183 118
184 110
185 100
186 106
187 106
188 108
189 116
190 104
191 106
192 108
193 108
194 114
195 114
196 106
197 112
198 112
199 120
200 116
201 114
202 106
203 110
204 118
205 112
206 114
207 106
208 110
209 116
210 118
211 118
212 104
213 118
214 108
215 114
216 108
217 118
218 116
219 112
220 110
221 110
222 118
223 116
224 120
225 110
226 116
227 116
228 112
229 108
230 120
231 114
232 114
233 114
234 110
235 116
236 116
237 122
238 120
239 100
240 116
241 112
242 112
243 114
244 106
245 110
246 114
247 112
248 112
249 118
250 120
251 112
252 112
253 116
254 114
255 120
256 120
257 116
258 116
259 112
260 114
261 120
262 120
263 114
264 114
265 112
266 118
267 114
268 114
269 116
270 118
271 118
272 120
273 112
274 110
275 116
276 114
277 122
278 112
279 118
280 118
281 108
282 114
283 112
284 116
285 116
286 116
287 112
288 112
289 116
290 112
291 106
292 110
293 116
294 122
295 112
296 116
297 114
298 124
299 116
300 120
301 122
302 112
303 126
304 122
305 122
306 116
307 118
308 116
309 116
310 118
311 116
312 118
313 124
314 122
315 122
316 120
317 122
318 116
319 118
320 118
321 106
322 114
323 114
324 118
325 112
326 118
327 110
328 118
329 114
330 118
331 114
332 116
333 110
334 118
335 118
336 126
337 118
338 114
339 118
340 120
341 106
342 122
343 114
344 120
345 118
346 116
347 112
348 116
349 116
350 120
351 120
352 114
353 114
354 116
355 124
356 126
357 122
358 122
359 118
360 120
361 114
362 118
363 110
364 116
365 122
366 122
367 114
368 112
369 116
370 118
371 118
372 126
373 116
374 114
375 120
376 126
377 110
378 118
379 112
380 116
381 118
382 120
383 118
384 108
385 110
386 118
387 114
388 112
389 122
390 120
391 120
392 120
393 122
394 124
395 120
396 116
397 120
398 122
399 118
400 116
401 122
402 128
403 122
404 124
405 122
406 118
407 118
408 122
409 120
410 114
411 120
412 118
413 120
414 118
415 118
416 116
417 116
418 122
419 126
420 118
421 118
422 126
423 126
424 118
425 124
426 128
427 128
428 118
429 122
430 126
431 124
432 124
433 122
434 118
435 122
436 118
437 122
438 112
439 120
440 122
441 118
442 122
443 120
444 120
445 124
446 110
447 120
448 122
449 130
450 132
451 120
452 120
453 126
454 122
455 126
456 122
457 118
458 126
459 126
460 124
461 120
462 124
463 122
464 122
465 126
466 112
467 120
468 118
469 122
470 126
471 122
472 118
473 118
474 118
475 124
476 124
477 126
478 124
479 124
480 116
481 124
482 126
483 126
484 114
485 120
486 122
487 130
488 124
489 126
490 124
491 122
492 126
493 130
494 124
495 122
496 124
497 132
498 124
499 122
500 124
501 128
502 122
503 120
504 124
505 122
506 126
507 128
508 126
509 110
510 120
511 120
512 116
513 120
514 124
515 116
516 124
517 136
518 128
519 120
520 108
521 128
522 124
523 124
524 124
525 128
526 130
527 126
528 122
529 126
530 126
531 128
532 120
533 126
534 128
535 120
536 130
537 126
538 122
539 128
540 122
541 126
542 126
543 122
544 124
545 124
546 122
547 126
548 124
549 126
550 128
551 124
552 124
553 126
554 128
555 124
556 130
557 122
558 130
559 130
560 126
561 126
562 134
563 128
564 124
565 122
566 124
567 126
568 126
569 126
570 122
571 124
572 126
573 128
574 124
575 126
576 118
577 128
578 130
579 128
580 124
581 132
582 128
583 124
584 134
585 126
586 124
587 126
588 128
589 126
590 120
591 126
592 128
593 124
594 128
595 132
596 132
597 122
598 124
599 126
600 124
601 128
602 122
603 126
604 122
605 128
606 124
607 124
608 122
609 128
610 116
611 122
612 124
613 128
614 126
615 130
616 126
617 134
618 128
619 130
620 126
621 126
622 114
623 130
624 140
625 126
626 128
627 132
628 126
629 122
630 126
631 126
632 124
633 128
634 122
635 132
636 124
637 126
638 132
639 126
640 126
641 122
642 126
643 124
644 130
645 128
646 126
647 126
648 130
649 128
650 128
651 130
652 128
653 130
654 130
655 130
656 128
657 130
658 130
659 124
660 126
661 126
662 126
663 126
664 128
665 128
666 126
667 124
668 128
669 128
670 128
671 128
672 128
673 126
674 136
675 118
676 142
677 128
678 124
679 128
680 126
681 124
682 130
683 130
684 124
685 130
686 142
687 130
688 130
689 128
690 130
691 130
692 130
693 132
694 126
695 134
696 128
697 136
698 138
699 132
700 134
701 128
702 128
703 130
704 128
705 134
706 132
707 136
708 130
709 130
710 126
711 120
712 136
713 134
714 132
715 136
716 134
717 130
718 136
719 126
720 132
721 128
722 130
723 128
724 128
725 130
726 122
727 130
728 130
729 130
730 128
731 138
732 138
733 126
734 136
735 128
736 128
737 130
738 132
739 134
740 132
741 132
742 126
743 128
744 130
745 132
746 130
747 126
748 142
749 128
750 134
751 130
752 134
753 138
754 138
755 130
756 130
757 142
758 132
759 130
760 132
761 132
762 140
763 128
764 130
765 130
766 132
767 138
768 132
769 132
770 138
771 130
772 130
773 136
774 130
775 130
776 134
777 130
778 134
779 132
780 140
781 130
782 128
783 134
784 124
785 128
786 124
787 138
788 132
789 130
790 138
791 138
792 132
793 132
794 136
795 128
796 136
797 132
798 134
799 132
800 134
801 140
802 138
803 136
804 134
805 138
806 136
807 132
808 130
809 130
810 136
811 136
812 130
813 128
814 140
815 138
816 140
817 138
818 132
819 134
820 134
821 140
822 140
823 134
824 140
825 134
826 132
827 142
828 130
829 128
830 134
831 140
832 134
833 134
834 130
835 134
836 138
837 136
838 136
839 134
840 136
841 144
842 142
843 136
844 138
845 138
846 142
847 134
848 142
849 142
850 142
851 140
852 138
853 136
854 132
855 130
856 134
857 138
858 142
859 130
860 146
861 138
862 138
863 138
864 136
865 140
866 138
867 132
868 132
869 134
870 144
871 136
872 146
873 132
874 134
875 136
876 136
877 140
878 138
879 134
880 138
881 138
882 140
883 144
884 144
885 142
886 134
887 138
888 136
889 138
890 136
891 142
892 140
893 136
894 134
895 140
896 140
897 136
898 146
899 136
900 138
901 144
902 140
903 136
904 136
905 134
906 138
907 138
908 142
909 138
910 138
911 140
912 140
913 134
914 138
915 142
916 142
917 136
918 138
919 136
920 138
921 140
922 142
923 136
924 136
925 136
926 140
927 144
928 140
929 142
930 140
931 140
932 134
933 140
934 142
935 138
936 140
937 142
938 142
939 140
940 140
941 138
942 140
943 138
944 136
945 134
946 142
947 138
948 134
949 144
950 140
951 142
952 138
953 144
954 138
955 140
956 142
957 138
958 142
959 142
960 144
961 142
962 136
963 142
964 140
965 140
966 138
967 138
968 142
969 146
970 146
971 142
972 144
973 138
974 142
975 140
976 140
977 142
978 138
979 142
980 138
981 144
982 146
983 146
984 142
985 140
986 144
987 144
988 144
989 146
990 140
991 142
992 144
993 140
994 144
995 136
996 142
997 140
998 138
999 144
