10 -2 4 6 10 6 26 10 18 24 24 22 26 26 34 34 36 42 44 44 38 
-2 4 10 12 14 10 18 18 22 24 24 24 30 26 32 38 32 36 44 40 42 
4 16 10 12 12 16 14 14 18 16 28 26 26 28 36 38 34 38 42 42 46 
0 2 14 20 12 22 18 12 22 24 30 28 34 28 30 30 32 38 34 40 46 
8 0 8 16 18 12 20 22 12 26 26 24 28 26 30 30 34 42 38 40 42 
2 14 14 14 20 16 6 20 20 26 22 26 30 24 26 42 40 34 36 34 44 
0 4 8 6 12 14 22 20 22 14 26 18 26 28 20 32 38 42 38 40 38 
14 10 12 10 12 24 14 20 18 20 26 28 26 28 36 30 36 42 36 42 42 
4 4 18 18 16 16 20 22 22 22 28 30 14 28 34 32 34 42 42 38 40 
6 14 14 12 14 20 18 24 20 30 20 28 30 28 32 32 38 40 40 40 40 
0 10 2 14 20 22 16 20 20 24 26 24 40 28 36 40 36 38 36 42 42 
2 4 12 6 20 12 12 16 24 26 28 32 26 26 34 28 32 36 34 42 38 
14 4 8 10 16 26 16 20 10 24 20 28 28 36 30 30 30 32 40 40 42 
-12 8 0 16 16 22 16 22 20 22 30 24 32 18 36 30 30 30 40 40 38 
10 6 16 18 12 22 20 18 22 26 26 34 26 42 26 32 36 34 36 38 44 
-4 16 20 18 14 16 20 16 30 30 22 26 22 28 32 38 36 38 46 40 46 
-8 8 6 4 20 18 14 22 32 24 28 24 26 24 28 32 30 42 36 38 46 
12 14 8 18 20 16 14 28 20 22 22 26 26 28 30 32 28 30 38 36 42 
-18 4 20 8 14 16 16 22 20 24 26 28 24 26 28 38 40 46 44 34 40 
-4 4 14 14 14 18 24 24 26 32 26 26 28 24 28 30 38 38 40 42 44 
4 8 10 8 12 16 26 22 22 24 22 20 22 30 30 30 40 38 36 38 44 
2 6 12 18 18 18 22 18 26 22 24 26 32 30 22 36 38 38 36 34 44 
16 2 14 16 14 24 22 18 22 24 24 28 24 24 30 30 32 36 34 44 46 
2 18 6 12 14 22 18 22 18 28 22 24 26 30 30 30 34 40 38 40 40 
0 8 12 10 16 22 20 20 26 22 26 28 32 42 30 34 34 38 38 42 42 
6 12 10 10 18 20 14 14 26 20 24 32 26 30 28 30 40 32 42 38 44 
4 6 20 18 18 22 18 20 24 24 26 32 26 30 38 34 40 32 38 44 40 
0 2 8 16 20 16 10 18 20 22 28 22 22 28 38 32 34 34 38 38 44 
4 -2 12 20 12 18 16 20 24 26 24 24 26 30 26 40 40 44 40 40 36 
0 12 4 10 10 18 22 18 22 28 24 26 24 30 36 30 34 36 40 42 42 
2 6 12 16 16 6 22 18 22 26 26 24 30 30 28 28 32 46 34 38 40 
-8 6 8 16 14 14 14 16 26 10 28 28 28 32 28 34 42 32 38 42 38 
2 4 8 12 22 14 12 16 12 20 24 22 26 26 30 24 30 34 42 42 44 
-10 4 8 8 12 18 16 22 20 20 30 26 26 34 32 28 28 36 42 44 44 
-20 12 18 20 18 12 18 26 18 16 22 22 30 28 34 24 34 36 36 42 42 
12 0 10 14 18 18 18 18 22 20 30 28 28 36 32 38 40 40 38 36 36 
-4 4 0 14 8 10 26 18 26 24 30 24 28 38 32 32 34 38 36 42 42 
-4 6 6 14 14 18 16 26 22 16 26 24 30 32 26 30 34 34 38 40 40 
-4 12 6 10 12 14 14 26 18 24 26 22 28 34 28 38 30 38 40 40 40 
-2 -2 8 16 16 18 20 18 18 36 34 28 30 28 30 38 34 38 42 38 38 
-6 8 16 16 16 14 26 24 18 28 28 16 30 28 32 32 38 40 36 36 36 
2 16 4 22 16 16 10 28 24 20 24 22 30 30 30 32 36 36 36 36 36 
6 14 6 20 12 10 18 28 24 8 22 24 28 28 26 36 36 36 36 36 36 
8 4 8 0 12 18 12 18 26 28 24 28 30 30 42 28 34 34 40 40 40 
4 2 8 16 16 18 16 22 22 24 26 26 30 30 28 28 36 36 36 36 36 
10 12 14 12 12 12 18 26 26 26 26 26 24 24 34 34 44 44 44 44 44 
-6 8 14 12 12 12 20 24 24 24 26 26 26 26 30 30 30 30 30 30 30 
0 8 8 14 14 14 18 24 24 24 24 24 26 26 26 26 26 26 26 26 26 
-4 6 6 6 6 6 8 22 22 22 22 22 22 22 22 22 22 22 22 22 22 
-20 2 2 2 2 2 2 2 2 2 2 2 2 2 2 2 2 2 2 2 2 
