35 33 33 35 39 35 36 35 34 39 38 33 36 35 31 33 34 36 35 35 33 33 34 37 38 36 36 35 37 34 34 35 34 35 36 35 34 37 37 37 36 35 35 34 31 37 33 36 37 33 
39 35 35 34 35 34 36 30 36 34 39 33 30 34 36 37 36 37 33 35 34 34 37 33 33 36 38 37 38 37 35 36 33 33 33 33 35 33 33 34 38 39 35 39 36 35 34 37 35 33 
33 35 36 35 35 33 37 33 37 37 35 35 33 39 34 37 36 34 35 36 33 36 30 37 37 39 35 33 33 36 39 35 38 34 33 33 36 35 33 38 34 33 35 33 33 35 39 36 33 35 
39 35 35 37 37 34 37 30 35 35 31 35 36 36 36 39 36 37 30 37 34 34 39 34 36 29 36 33 36 36 37 32 37 34 38 34 37 35 36 31 32 33 38 36 36 35 39 36 33 37 
31 38 36 35 35 34 37 34 31 34 36 30 33 31 36 37 38 28 33 35 37 36 37 37 36 37 34 35 32 36 30 35 36 38 37 30 36 30 32 37 35 37 38 31 35 35 37 36 34 30 
33 31 36 31 30 33 30 31 36 37 33 31 35 37 37 33 35 36 33 36 37 36 30 37 33 30 31 28 36 33 36 37 31 33 30 29 30 37 32 35 31 37 38 31 35 35 35 34 33 36 
33 32 34 32 30 29 36 28 33 34 37 36 27 35 31 33 36 33 30 29 35 34 31 31 31 33 38 36 36 31 30 33 33 35 36 30 30 37 32 35 31 35 35 31 33 33 35 31 29 33 
30 32 30 34 36 32 30 30 34 34 34 31 33 32 31 30 32 30 33 36 36 30 29 30 35 37 32 32 30 31 35 32 28 36 35 30 28 35 36 37 33 36 30 35 37 30 30 35 36 35 
32 28 30 32 34 34 30 33 30 33 34 35 32 30 30 34 34 32 33 33 30 32 31 29 31 29 28 32 30 32 34 33 33 33 35 35 37 36 33 34 33 32 33 32 28 31 35 30 37 37 
31 34 34 31 32 29 29 31 31 30 35 30 32 32 29 33 32 35 34 30 34 33 30 35 32 37 27 34 30 32 34 33 33 33 32 32 31 31 33 33 29 33 29 34 34 34 34 31 30 31 
33 31 31 36 29 33 32 30 30 33 35 31 29 35 32 33 35 30 28 30 34 35 32 35 32 37 27 34 33 28 33 32 32 28 33 32 36 30 33 30 32 33 34 31 33 28 35 32 31 28 
33 32 31 31 31 28 34 29 31 30 33 34 32 30 34 33 35 30 30 29 34 35 32 31 32 32 32 35 35 31 31 34 32 36 28 33 29 34 32 33 34 30 29 32 32 28 32 34 33 28 
30 32 33 36 29 31 33 34 30 29 32 30 28 32 34 33 35 30 30 29 32 30 33 30 33 34 31 36 30 31 34 32 32 28 32 31 29 29 32 33 31 29 32 28 31 29 35 34 31 30 
32 30 31 32 28 29 32 33 36 32 33 32 28 32 33 32 32 32 30 31 35 32 33 28 30 32 28 32 36 35 35 32 30 32 32 32 36 31 32 32 30 34 30 31 32 32 31 32 29 32 
30 32 32 33 32 29 32 33 36 32 33 32 32 31 32 32 36 28 28 32 31 32 30 30 28 33 29 31 28 32 29 35 31 32 31 31 29 28 28 32 32 30 31 27 30 35 30 31 31 29 
31 32 32 33 32 31 31 30 29 30 31 33 30 28 29 30 31 33 31 36 34 32 30 32 33 33 35 29 32 35 27 30 30 33 30 31 32 32 33 32 32 34 29 31 30 32 31 31 28 31 
31 32 30 28 31 32 31 28 31 30 30 32 31 30 30 33 35 31 29 30 30 31 31 31 35 32 29 33 31 32 30 35 33 29 33 32 32 30 29 29 29 32 32 31 30 30 31 31 28 31 
31 30 30 32 30 32 30 32 32 32 30 28 29 31 32 30 30 29 30 31 28 30 28 30 29 31 29 30 31 33 31 29 30 32 32 32 31 30 29 30 30 29 32 31 30 30 30 29 31 31 
30 29 30 29 30 32 30 27 29 30 30 31 29 28 31 30 30 30 30 30 30 30 30 29 31 30 31 29 30 32 29 29 31 32 32 32 31 30 29 30 30 29 29 31 32 29 30 30 30 29 
29 28 29 30 30 31 30 27 28 28 30 31 29 28 27 29 30 30 28 32 30 28 29 30 30 32 30 29 30 32 29 29 31 29 30 29 30 31 30 32 32 30 29 30 30 29 29 31 29 31 
29 28 30 28 29 30 30 28 29 30 29 29 29 30 31 29 30 30 28 32 30 28 29 30 30 32 30 27 28 29 29 31 30 29 30 29 29 29 29 30 30 30 29 31 30 30 30 30 32 28 
29 28 30 28 29 30 30 28 29 30 29 29 29 30 31 29 30 30 28 28 29 28 28 31 29 29 31 30 29 29 30 28 29 29 30 28 29 29 30 29 31 29 30 29 29 30 29 29 31 29 
